0.813925	0.848134	0.569971	0.609198	1.040615	1.780679	1.068739	1.109155	0.526485	0.577302	1.507767	3.880006
0.795136	0.796309	0.580041	0.622846	1.029455	1.758002	1.042156	1.029629	0.541317	0.605150	1.496069	3.848168
0.779940	0.749660	0.574262	0.633401	1.042654	1.774255	1.022816	0.957613	0.524281	0.626882	1.535996	3.911648
0.776968	0.746930	0.589390	0.636504	1.019291	1.727429	1.020940	0.970790	0.549548	0.632144	1.487142	3.774975
0.781018	0.770045	0.613415	0.636071	0.975396	1.647105	1.030638	1.036987	0.594995	0.630505	1.388699	3.522122
0.772812	0.740035	0.609768	0.648704	0.987168	1.654426	1.020637	0.989435	0.584013	0.650798	1.424081	3.568106
0.766948	0.716639	0.606655	0.661760	0.997320	1.655161	1.016746	0.957101	0.578169	0.673295	1.457808	3.586466
0.769262	0.723798	0.620300	0.665329	0.980586	1.619735	1.024109	0.981797	0.604285	0.680775	1.423166	3.491048
0.770899	0.730849	0.631725	0.667535	0.964764	1.583466	1.030902	1.006168	0.626573	0.686943	1.391683	3.398700
0.768676	0.715807	0.630052	0.677468	0.977198	1.590974	1.033732	0.986396	0.623708	0.706946	1.429321	3.438923
