0.820175	0.000000	1.000000	2.000000	3.000000	4.000000	1.788986	0.000000	1.000000	4.000000	9.000000	16.000000
0.820148	0.000006	0.999994	1.999964	2.999733	3.999724	1.788816	0.000000	0.999989	3.999861	8.998527	15.997816
0.817760	0.002408	0.995553	1.993464	2.984784	3.972071	1.773358	0.000647	0.992396	3.975910	8.915505	15.788476
0.808643	0.016448	0.972111	1.959143	2.926499	3.884569	1.714780	0.006747	0.955852	3.856166	8.600707	15.159865
0.795010	0.051899	0.921695	1.887194	2.824670	3.754495	1.615880	0.025896	0.878463	3.615248	8.076271	14.268532
0.781787	0.109438	0.850337	1.788109	2.696553	3.602048	1.497733	0.060522	0.773061	3.297800	7.445703	13.262861
0.771015	0.178659	0.772089	1.678754	2.560327	3.448350	1.382129	0.109352	0.662213	2.958445	6.802159	12.271932
0.765049	0.251052	0.699769	1.573474	2.436392	3.308332	1.287544	0.168760	0.566297	2.644152	6.237602	11.410319
0.761037	0.319552	0.635756	1.476203	2.322671	3.175941	1.210719	0.232643	0.487396	2.367355	5.736699	10.623111
0.760436	0.381911	0.584262	1.393224	2.223921	3.067576	1.156031	0.297792	0.429525	2.142120	5.316294	9.989622
0.761470	0.437548	0.544457	1.319390	2.138854	2.965539	1.115455	0.361992	0.388882	1.951734	4.962339	9.405072
0.764238	0.489604	0.511751	1.254256	2.060805	2.871523	1.087237	0.428435	0.358882	1.790000	4.653014	8.886432
0.767795	0.535057	0.488224	1.197935	1.989405	2.791297	1.069100	0.492174	0.339762	1.658267	4.380606	8.455626
0.772291	0.574106	0.472881	1.149562	1.931307	2.724656	1.059234	0.551721	0.330019	1.547603	4.160802	8.098424
0.777482	0.609601	0.461396	1.108727	1.878698	2.665783	1.055238	0.608679	0.325355	1.457512	3.970828	7.787081
0.782411	0.641000	0.452458	1.072190	1.833619	2.614092	1.053260	0.659976	0.322948	1.378568	3.807778	7.521180
0.788311	0.671517	0.446841	1.039219	1.789649	2.564264	1.055156	0.713141	0.323056	1.308478	3.654283	7.271273
0.792862	0.697321	0.443094	1.008594	1.748851	2.519872	1.055599	0.758595	0.324031	1.245252	3.513212	7.045853
0.799347	0.723449	0.442883	0.982046	1.712489	2.477116	1.061487	0.806745	0.329986	1.190564	3.390572	6.837588
0.804696	0.745868	0.442332	0.958981	1.680544	2.438922	1.065921	0.847529	0.334382	1.143715	3.283156	6.657279
0.810188	0.767083	0.444038	0.935830	1.651899	2.402105	1.071704	0.887609	0.340758	1.099162	3.188327	6.481625
0.815007	0.786926	0.445434	0.912993	1.622936	2.369187	1.076706	0.925172	0.347558	1.055184	3.091311	6.325553
0.821071	0.807022	0.448126	0.893326	1.598680	2.338053	1.084865	0.963532	0.355446	1.018320	3.011614	6.183701
0.825132	0.822079	0.450480	0.877138	1.575735	2.312558	1.090237	0.993850	0.361144	0.988321	2.937357	6.067041
0.830259	0.838127	0.455460	0.861112	1.551543	2.285641	1.099064	1.027639	0.371524	0.960191	2.866205	5.951719
0.835603	0.853227	0.460657	0.848841	1.529204	2.258903	1.109509	1.062496	0.380410	0.939259	2.801039	5.836492
0.840250	0.866029	0.465604	0.837386	1.511423	2.238834	1.118215	1.091441	0.388778	0.919316	2.746092	5.749368
0.845081	0.878353	0.471722	0.826730	1.494587	2.217828	1.127726	1.119587	0.399664	0.902039	2.696408	5.658263
0.849757	0.890401	0.477250	0.816335	1.479026	2.197412	1.137136	1.147207	0.409338	0.884758	2.651511	5.573833
0.853932	0.901874	0.481264	0.806063	1.464681	2.179893	1.145475	1.173201	0.416970	0.867576	2.608040	5.496287
0.857491	0.911611	0.485927	0.796062	1.451732	2.162910	1.151975	1.194885	0.424513	0.850774	2.569229	5.422761
0.861486	0.921722	0.490830	0.787057	1.438396	2.148334	1.159132	1.216916	0.431802	0.835706	2.530746	5.359654
0.866169	0.932835	0.497164	0.778349	1.423170	2.129450	1.168805	1.243362	0.442654	0.820900	2.486853	5.282165
0.869781	0.942173	0.501724	0.770428	1.409500	2.113777	1.176099	1.265637	0.449630	0.808222	2.446878	5.212486
0.873136	0.950812	0.505194	0.762788	1.399046	2.103251	1.182616	1.284422	0.455858	0.796287	2.415866	5.165288
0.875339	0.956912	0.509802	0.755439	1.387562	2.089978	1.186756	1.298362	0.463532	0.784934	2.384144	5.109416
0.878745	0.964728	0.514592	0.749758	1.377089	2.074815	1.193408	1.316737	0.471252	0.775702	2.352501	5.047889
0.881521	0.970891	0.519036	0.745064	1.368298	2.062629	1.199801	1.332177	0.478701	0.769082	2.330893	4.999975
0.885230	0.978544	0.523016	0.740881	1.361378	2.053198	1.208010	1.350631	0.485158	0.762524	2.311296	4.965309
0.888939	0.985910	0.527386	0.736983	1.354397	2.044572	1.216409	1.368783	0.492688	0.756743	2.291398	4.930528
0.892081	0.992561	0.531802	0.732556	1.345045	2.036806	1.223662	1.385328	0.499975	0.750232	2.267290	4.900735
0.894240	0.997711	0.535218	0.728117	1.337041	2.027682	1.228802	1.398743	0.506015	0.743260	2.244356	4.864131
0.896933	1.004159	0.538626	0.723232	1.327807	2.018383	1.235076	1.415009	0.511296	0.736417	2.218727	4.826300
0.899126	1.008843	0.542001	0.720423	1.321608	2.006858	1.240041	1.426782	0.517885	0.731759	2.202338	4.782169
0.901176	1.013586	0.544952	0.716545	1.315681	1.997985	1.244993	1.439302	0.522790	0.725347	2.186251	4.747378
0.903535	1.018226	0.548941	0.713243	1.309026	1.992042	1.249758	1.450663	0.528419	0.720422	2.166991	4.721737
0.906689	1.024863	0.552956	0.708914	1.301747	1.983197	1.257018	1.466921	0.535267	0.713470	2.149029	4.689662
0.908491	1.029163	0.555894	0.705682	1.294606	1.973155	1.260406	1.476854	0.540435	0.707960	2.129202	4.648410
0.910708	1.033721	0.559510	0.702672	1.287860	1.965405	1.265738	1.488826	0.546961	0.703049	2.112011	4.618719
