0.820175	0.000000	1.000000	2.000000	3.000000	4.000000	1.788986	0.000000	1.000000	4.000000	9.000000	16.000000
0.820175	0.000000	1.000000	2.000000	3.000000	4.000000	1.788986	0.000000	1.000000	4.000000	9.000000	16.000000
0.820175	0.000000	1.000000	2.000000	3.000000	4.000000	1.788986	0.000000	1.000000	4.000000	9.000000	16.000000
0.820175	0.000000	1.000000	2.000000	3.000000	4.000000	1.788986	0.000000	1.000000	4.000000	9.000000	16.000000
0.820175	0.000000	1.000000	2.000000	3.000000	4.000000	1.788986	0.000000	1.000000	4.000000	9.000000	16.000000
0.820175	0.000000	1.000000	2.000000	3.000000	4.000000	1.788986	0.000000	1.000000	4.000000	9.000000	16.000000
0.820175	0.000000	1.000000	2.000000	3.000000	4.000000	1.788986	0.000000	1.000000	4.000000	9.000000	16.000000
0.820173	0.000000	1.000000	2.000000	2.999962	4.000000	1.788972	0.000000	1.000000	4.000000	8.999774	16.000000
0.820168	0.000000	1.000000	1.999997	2.999906	3.999941	1.788939	0.000000	1.000000	3.999988	8.999464	15.999531
0.820154	0.000002	0.999993	1.999964	2.999807	3.999840	1.788864	0.000000	0.999986	3.999865	8.998933	15.998741
0.820111	0.000040	0.999931	1.999881	2.999507	3.999180	1.788560	0.000003	0.999867	3.999554	8.997303	15.993573
0.819999	0.000206	0.999708	1.999643	2.998560	3.997125	1.787603	0.000031	0.999458	3.998646	8.991936	15.977568
0.819699	0.000575	0.999172	1.998785	2.996352	3.993126	1.785383	0.000115	0.998490	3.995381	8.979457	15.946901
0.819139	0.001214	0.998104	1.997137	2.992561	3.986737	1.781574	0.000291	0.996666	3.989217	8.958134	15.898172
0.818301	0.002167	0.996434	1.994626	2.987058	3.977773	1.776062	0.000588	0.993828	3.979945	8.927346	15.830546
0.817182	0.003655	0.994069	1.990918	2.979543	3.965027	1.768464	0.001130	0.989962	3.966444	8.885947	15.735642
0.815812	0.005591	0.990902	1.985984	2.970277	3.952061	1.759484	0.001864	0.984823	3.948832	8.835451	15.640318
0.814178	0.008269	0.986760	1.979596	2.958753	3.936499	1.748523	0.003017	0.978373	3.926275	8.773150	15.528025
0.812306	0.011597	0.981332	1.972198	2.946455	3.917984	1.736027	0.004540	0.970020	3.900466	8.706372	15.395234
0.810259	0.015750	0.975059	1.963010	2.932324	3.898275	1.721843	0.006463	0.960307	3.868972	8.631076	15.253991
0.807884	0.020572	0.967865	1.952097	2.916474	3.874597	1.705635	0.008895	0.949343	3.831470	8.548189	15.087239
0.805357	0.026259	0.959398	1.939794	2.898533	3.852222	1.688115	0.011704	0.936498	3.789405	8.455324	14.929585
0.802658	0.032985	0.949270	1.926239	2.879634	3.826901	1.669201	0.015268	0.921122	3.744010	8.358287	14.754667
0.799858	0.040384	0.938757	1.911359	2.858676	3.799960	1.648776	0.019255	0.904954	3.694459	8.250135	14.570180
0.797147	0.048695	0.927196	1.895223	2.837963	3.774123	1.628103	0.023731	0.887204	3.641703	8.143689	14.394861
0.794538	0.058001	0.914939	1.878261	2.815715	3.746859	1.606559	0.028924	0.868304	3.586332	8.031113	14.211366
0.791881	0.068119	0.902259	1.859824	2.791772	3.717488	1.583762	0.034892	0.848755	3.526309	7.911138	14.013383
0.788950	0.078920	0.888089	1.840532	2.766763	3.684874	1.559713	0.041265	0.827554	3.463991	7.786954	13.796801
0.785982	0.089924	0.873417	1.821199	2.740066	3.655776	1.535982	0.047909	0.805733	3.401994	7.657088	13.605354
0.783255	0.101998	0.858322	1.800493	2.713506	3.625543	1.511834	0.055352	0.783649	3.335824	7.527743	13.405897
0.780607	0.114537	0.843395	1.778863	2.686798	3.592822	1.487318	0.063202	0.761735	3.267690	7.399434	13.190413
0.778353	0.127641	0.828650	1.757344	2.660323	3.560953	1.463722	0.071919	0.740356	3.200137	7.272132	12.982359
0.776065	0.140969	0.813349	1.735783	2.633160	3.530367	1.440443	0.080840	0.718439	3.133341	7.144147	12.785135
0.774169	0.155160	0.797712	1.714553	2.607047	3.496006	1.417325	0.090631	0.696125	3.067433	7.019804	12.565861
0.772335	0.169559	0.781866	1.692813	2.580377	3.466147	1.394950	0.101015	0.673617	3.000226	6.894138	12.376204
0.770541	0.183519	0.766261	1.671405	2.555037	3.439483	1.374045	0.111426	0.651775	2.935020	6.775822	12.208117
0.768700	0.197312	0.751202	1.649837	2.529311	3.411029	1.353331	0.121833	0.631137	2.870522	6.658093	12.030605
0.767335	0.211829	0.736643	1.628412	2.503084	3.382025	1.333608	0.133432	0.611718	2.807074	6.537487	11.857008
0.766284	0.225790	0.723106	1.608480	2.479230	3.352813	1.315209	0.144840	0.593900	2.747283	6.427973	11.676004
0.764946	0.240354	0.708061	1.587326	2.454222	3.323942	1.296215	0.157145	0.574481	2.683819	6.313864	11.500525
0.764159	0.254833	0.694357	1.567498	2.430233	3.295723	1.279066	0.169660	0.556872	2.625274	6.206609	11.331205
0.763039	0.267990	0.681267	1.548150	2.407379	3.270421	1.262975	0.181750	0.540221	2.568141	6.106085	11.178668
0.761791	0.280341	0.668602	1.529318	2.385858	3.246421	1.247508	0.192925	0.524631	2.514373	6.009282	11.031180
0.761623	0.294644	0.656436	1.510687	2.363143	3.221631	1.233251	0.206333	0.509764	2.461442	5.909395	10.881098
0.761275	0.308770	0.644357	1.491723	2.340027	3.195496	1.218954	0.219843	0.495315	2.408274	5.808556	10.727024
0.760809	0.321335	0.632917	1.474654	2.320398	3.171482	1.206075	0.231727	0.481620	2.360379	5.724261	10.584431
0.760446	0.333528	0.622282	1.458632	2.300939	3.145241	1.194113	0.244360	0.469327	2.315388	5.639559	10.433557
0.759935	0.345199	0.612226	1.442144	2.281263	3.121629	1.182331	0.256351	0.457629	2.270487	5.555152	10.296193
0.759889	0.358365	0.601617	1.424909	2.260454	3.097694	1.170882	0.270481	0.445568	2.222988	5.467265	10.154499
0.759795	0.370357	0.591805	1.408758	2.241614	3.077563	1.160504	0.283373	0.434804	2.179171	5.385361	10.032612
0.759906	0.381564	0.583159	1.394208	2.224797	3.056550	1.151893	0.296096	0.425582	2.140577	5.313998	9.913382
0.760053	0.393503	0.574052	1.378953	2.206072	3.034898	1.143007	0.309582	0.416182	2.100429	5.235891	9.794692
0.760081	0.405355	0.565094	1.362811	2.187550	3.013537	1.133585	0.322796	0.406580	2.057641	5.159496	9.673262
0.760462	0.417174	0.556366	1.347643	2.171361	2.993199	1.125580	0.336245	0.397376	2.018744	5.091127	9.556995
0.760608	0.427780	0.548214	1.333941	2.154443	2.976745	1.118066	0.348771	0.388603	1.982995	5.021875	9.459502
0.760735	0.437775	0.541297	1.320399	2.138063	2.958182	1.110962	0.360697	0.381949	1.948952	4.956245	9.351593
0.761235	0.448197	0.534518	1.307369	2.121703	2.941177	1.104845	0.373416	0.375503	1.915927	4.890685	9.258310
0.761731	0.458787	0.527322	1.294750	2.105707	2.921278	1.098768	0.386674	0.368982	1.884127	4.826297	9.146209
0.762384	0.469562	0.520271	1.281756	2.089616	2.904711	1.093256	0.400194	0.362783	1.851660	4.761895	9.051770
0.762798	0.479839	0.513963	1.268335	2.073105	2.885455	1.087250	0.413195	0.357151	1.818409	4.697538	8.947530
0.763246	0.488900	0.508389	1.256475	2.059183	2.870414	1.082503	0.425252	0.351899	1.788959	4.642618	8.863928
0.763940	0.499244	0.502456	1.243730	2.043385	2.851628	1.077799	0.439480	0.346815	1.757226	4.581803	8.762956
0.764498	0.507819	0.498149	1.232185	2.029291	2.837551	1.074356	0.452244	0.343566	1.729596	4.527687	8.684659
0.765438	0.516749	0.493929	1.221628	2.016186	2.822285	1.071490	0.464965	0.340453	1.704494	4.477607	8.604351
0.765905	0.524373	0.490637	1.211346	2.002127	2.807390	1.067408	0.475303	0.337904	1.680689	4.423802	8.521930
0.766857	0.532337	0.487334	1.201618	1.990787	2.794811	1.065150	0.486925	0.335727	1.658084	4.379638	8.450598
0.767740	0.541088	0.483201	1.191445	1.977482	2.778455	1.062321	0.499378	0.333076	1.634437	4.329090	8.365706
0.768855	0.549140	0.479768	1.182416	1.966665	2.766456	1.061086	0.511705	0.330984	1.613308	4.288508	8.302046
0.769585	0.556934	0.476278	1.172885	1.953954	2.752679	1.058565	0.523203	0.328440	1.591855	4.241242	8.227540
0.770239	0.564060	0.473093	1.163489	1.943482	2.740546	1.056717	0.534403	0.326390	1.570634	4.201135	8.161964
0.771055	0.571417	0.470070	1.154436	1.933138	2.726173	1.055039	0.545754	0.324773	1.550401	4.161508	8.089031
0.771460	0.577707	0.467095	1.145804	1.923431	2.713318	1.052661	0.555316	0.322849	1.530582	4.123121	8.023096
0.772567	0.585278	0.464467	1.136699	1.913272	2.702080	1.051647	0.567137	0.321423	1.510632	4.084442	7.960854
0.773984	0.593604	0.461839	1.127624	1.902119	2.689695	1.051266	0.580596	0.320270	1.490480	4.042913	7.895234
0.774773	0.599431	0.459777	1.120249	1.893964	2.681831	1.050386	0.589595	0.319149	1.474447	4.012902	7.850149
0.775449	0.606358	0.457186	1.110886	1.883087	2.669840	1.049127	0.600632	0.317947	1.454468	3.975286	7.789889
0.776300	0.612538	0.455714	1.102852	1.873626	2.658496	1.048608	0.610993	0.317851	1.437427	3.942404	7.733839
0.777294	0.618862	0.453633	1.095700	1.865001	2.648512	1.048079	0.620865	0.317030	1.422076	3.910747	7.681808
0.778372	0.626130	0.452011	1.086839	1.853110	2.635681	1.047358	0.632981	0.317122	1.402793	3.867600	7.617811
0.779100	0.631572	0.450564	1.080022	1.844444	2.625663	1.046633	0.641701	0.316920	1.388623	3.836548	7.567801
0.780146	0.637385	0.449309	1.073504	1.835845	2.616780	1.046736	0.651754	0.316862	1.374676	3.804395	7.522930
0.780941	0.642882	0.448046	1.066337	1.828248	2.605799	1.046444	0.661524	0.316699	1.359397	3.776392	7.466608
0.782070	0.649084	0.446560	1.059302	1.819953	2.596505	1.046366	0.671561	0.316616	1.343620	3.746824	7.419188
0.783201	0.655072	0.445592	1.052351	1.811625	2.586417	1.046790	0.682079	0.317032	1.328702	3.717634	7.370952
0.784072	0.660936	0.444046	1.045830	1.802303	2.574142	1.046334	0.691920	0.316578	1.315056	3.685900	7.309387
0.784983	0.666238	0.443143	1.039205	1.794405	2.566008	1.046392	0.700933	0.316754	1.301293	3.658764	7.268623
0.786153	0.672383	0.442183	1.032550	1.785275	2.554380	1.046360	0.710785	0.317244	1.287464	3.627371	7.214788
0.787129	0.677917	0.441377	1.026062	1.776833	2.543688	1.046521	0.720695	0.317388	1.274178	3.598256	7.161898
0.788508	0.683358	0.441191	1.020434	1.769830	2.536410	1.047798	0.730278	0.318505	1.262775	3.575025	7.125317
0.789896	0.689281	0.440614	1.014312	1.762099	2.527876	1.049073	0.740853	0.319802	1.250132	3.547743	7.083428
0.790958	0.694018	0.439847	1.009506	1.755782	2.521867	1.049953	0.749214	0.320068	1.240075	3.525580	7.054333
0.792287	0.699753	0.439261	1.003675	1.747733	2.514094	1.051147	0.759340	0.320835	1.228456	3.499063	7.015934
0.793446	0.704623	0.438916	0.998745	1.741253	2.506232	1.051751	0.767449	0.321326	1.218767	3.476492	6.977865
0.794571	0.709404	0.438797	0.993349	1.734307	2.500553	1.052479	0.775493	0.321948	1.207833	3.454041	6.951705
0.795339	0.713873	0.438223	0.987962	1.727333	2.491585	1.052336	0.782867	0.322412	1.197375	3.429391	6.909232
0.796635	0.719154	0.438289	0.982639	1.719911	2.481259	1.053574	0.792502	0.324002	1.186948	3.404785	6.863328
0.797824	0.723942	0.437609	0.978080	1.714376	2.475023	1.054928	0.801088	0.324312	1.177694	3.387187	6.831957
0.798644	0.727912	0.437857	0.973343	1.707776	2.465984	1.055491	0.808596	0.325629	1.168744	3.365829	6.789660
0.799745	0.732399	0.437767	0.968946	1.701231	2.458488	1.056687	0.817096	0.326417	1.160267	3.345316	6.752041
0.800751	0.736697	0.437819	0.964368	1.694715	2.450755	1.058008	0.825832	0.327518	1.151697	3.323813	6.714518
0.801690	0.741144	0.437136	0.959635	1.688409	2.444685	1.058667	0.833682	0.327418	1.142252	3.302934	6.684098
0.802897	0.745853	0.437347	0.954866	1.681636	2.436544	1.060293	0.843036	0.328969	1.132886	3.281628	6.645499
0.803782	0.749964	0.436646	0.950713	1.676078	2.430310	1.061070	0.850459	0.329285	1.124249	3.263326	6.613634
0.804758	0.754061	0.437245	0.946054	1.668995	2.422204	1.062006	0.858471	0.331083	1.115208	3.240099	6.576195
0.805879	0.758163	0.437633	0.942205	1.663060	2.414281	1.063603	0.866961	0.332328	1.107963	3.221025	6.539689
0.806899	0.762020	0.437969	0.938474	1.657514	2.406305	1.064442	0.874113	0.333510	1.100304	3.202849	6.501724
0.807875	0.766062	0.438227	0.933602	1.651581	2.400942	1.065271	0.881676	0.334378	1.090559	3.182205	6.475909
0.808693	0.769652	0.438551	0.929551	1.645953	2.392685	1.066230	0.888936	0.335929	1.083194	3.164032	6.435232
0.809771	0.773310	0.439337	0.925824	1.640532	2.386514	1.068080	0.896721	0.337840	1.076287	3.147522	6.408733
0.810622	0.776703	0.439722	0.921829	1.635676	2.380796	1.068741	0.902911	0.338907	1.068762	3.130780	6.380521
0.811691	0.780963	0.439950	0.917237	1.629360	2.374268	1.070015	0.911116	0.340110	1.060023	3.110735	6.348529
0.812534	0.784362	0.440272	0.913335	1.624522	2.368147	1.070491	0.917126	0.341178	1.052231	3.093791	6.318729
0.813317	0.787189	0.440465	0.910508	1.620325	2.365071	1.071315	0.922359	0.341543	1.046850	3.080561	6.302627
0.814431	0.790841	0.441326	0.907109	1.614552	2.358736	1.072906	0.929559	0.343400	1.040665	3.063379	6.276106
0.815454	0.794482	0.441862	0.903467	1.609244	2.352360	1.074023	0.936693	0.344407	1.033739	3.045656	6.245904
0.816391	0.797557	0.442592	0.900621	1.604437	2.346685	1.075289	0.942818	0.346022	1.028803	3.029548	6.221349
0.817484	0.801441	0.443049	0.896970	1.599244	2.338533	1.076938	0.950782	0.347606	1.022210	3.013212	6.184075
0.818564	0.805272	0.443612	0.893004	1.593981	2.331964	1.078356	0.958324	0.348947	1.015290	2.996116	6.152477
0.819318	0.808274	0.443962	0.889706	1.589180	2.326776	1.078954	0.963647	0.349907	1.009408	2.981366	6.126488
0.820514	0.812158	0.444716	0.885609	1.584131	2.322084	1.080447	0.971050	0.351512	1.001411	2.964547	6.103702
0.821678	0.816042	0.445637	0.881766	1.578704	2.313980	1.082263	0.979242	0.353755	0.994171	2.947878	6.066482
0.822531	0.819181	0.446303	0.877867	1.573744	2.310639	1.083375	0.985392	0.354939	0.987359	2.931466	6.050975
