1.799954	1.799954	1.799954	1.799954	1.799954	1.799954	1.799954	1.799954
1.799954	1.799954	1.799954	1.799954	1.799954	1.799954	1.799954	1.799954
1.799954	1.799954	1.799954	1.799954	1.799954	1.799954	1.799954	1.799954
1.799954	1.799954	1.799954	1.799954	1.799954	1.799954	1.799954	1.799954
1.799954	1.799954	1.799954	1.799954	1.799954	1.799954	1.799954	1.799954
1.799954	1.799954	1.799954	1.799954	1.799954	1.799954	1.799954	1.799954
1.799954	1.799954	1.799954	1.799954	1.799954	1.799954	1.799954	1.799954
1.799954	1.799944	1.799942	1.799954	1.799938	1.799952	1.799924	1.799936
1.799931	1.799911	1.799922	1.799925	1.79991	1.799927	1.799877	1.799907
1.799885	1.799824	1.799847	1.799886	1.799849	1.799872	1.799768	1.799825
1.799606	1.799506	1.799458	1.79959	1.799591	1.799668	1.799365	1.799401
1.798552	1.798556	1.798248	1.798476	1.79866	1.798942	1.798321	1.798322
1.796404	1.796459	1.795917	1.796178	1.79669	1.797249	1.795998	1.796106
1.79273	1.793095	1.792033	1.792373	1.793492	1.794033	1.792163	1.792464
1.787203	1.787781	1.786002	1.787256	1.788476	1.789282	1.786428	1.7865
1.780149	1.781068	1.778351	1.780391	1.781972	1.783015	1.778502	1.778086
1.770897	1.772222	1.769009	1.771393	1.773505	1.774889	1.76859	1.768289
1.759632	1.761612	1.757843	1.76064	1.763163	1.764905	1.757404	1.756576
1.746813	1.749937	1.7448	1.748061	1.750594	1.753077	1.7441	1.743166
1.731534	1.735686	1.730069	1.733588	1.737349	1.740297	1.729063	1.727432
1.715591	1.719689	1.713661	1.71661	1.721881	1.724821	1.712629	1.710166
1.697823	1.701889	1.695737	1.698682	1.704479	1.707907	1.694599	1.691237
1.679232	1.683105	1.676353	1.679455	1.685569	1.688295	1.674575	1.670428
1.659449	1.662689	1.655681	1.658742	1.665595	1.669004	1.654639	1.647829
1.638751	1.641883	1.633556	1.636849	1.644116	1.646829	1.632262	1.624689
1.616978	1.620452	1.61135	1.612722	1.622238	1.624353	1.610085	1.601681
1.593676	1.598074	1.588195	1.590018	1.599451	1.600729	1.586629	1.57694
1.570706	1.575104	1.564596	1.565232	1.576126	1.576538	1.561783	1.55224
1.547454	1.552706	1.541089	1.541182	1.552426	1.552233	1.537703	1.527647
1.522916	1.528222	1.51826	1.516121	1.528485	1.527737	1.51436	1.504095
1.499834	1.504167	1.495292	1.493354	1.506635	1.502801	1.490579	1.479204
1.475982	1.479917	1.471681	1.468868	1.483446	1.478254	1.466637	1.455394
1.451593	1.456964	1.448867	1.446069	1.460366	1.454967	1.443494	1.432534
1.428574	1.433753	1.426533	1.422908	1.436943	1.431201	1.420472	1.4097
1.404583	1.410107	1.404356	1.401158	1.414755	1.410073	1.397979	1.386841
1.383389	1.389259	1.383666	1.380767	1.392991	1.389496	1.377246	1.365109
1.362856	1.369686	1.362466	1.360007	1.371781	1.368356	1.356514	1.344568
1.343084	1.349633	1.343606	1.340796	1.351305	1.348137	1.337102	1.324262
1.324692	1.330396	1.325448	1.321172	1.332659	1.328431	1.318033	1.306104
1.308087	1.313094	1.307355	1.303259	1.313344	1.309885	1.300624	1.288979
1.290437	1.296516	1.2905	1.2848	1.295189	1.292818	1.282505	1.27229
1.275348	1.278593	1.27604	1.268791	1.278498	1.275265	1.265764	1.257931
1.260534	1.262551	1.259885	1.252811	1.262947	1.259239	1.24985	1.241231
1.245523	1.246871	1.245108	1.238423	1.248332	1.244122	1.235486	1.226517
1.231336	1.232659	1.231011	1.222894	1.234559	1.22993	1.221037	1.212354
1.218388	1.218021	1.217777	1.210384	1.220624	1.215669	1.207322	1.199196
1.205958	1.204976	1.20403	1.198206	1.206925	1.20346	1.194538	1.185752
1.194012	1.192534	1.191691	1.18777	1.195266	1.192044	1.182823	1.173431
1.183243	1.181501	1.180286	1.176776	1.183816	1.180083	1.172501	1.162308
1.171582	1.170389	1.16915	1.167032	1.174072	1.168701	1.160786	1.152503
1.162457	1.16052	1.159234	1.157559	1.16398	1.158277	1.151259	1.14378
1.153446	1.151837	1.150208	1.149439	1.153929	1.148481	1.142485	1.13611
1.145074	1.142873	1.142234	1.141045	1.145898	1.140721	1.1347	1.127666
1.136859	1.13444	1.134777	1.132113	1.136994	1.132418	1.126475	1.120075
1.128886	1.127948	1.126648	1.124875	1.130256	1.125677	1.118823	1.113088
1.121282	1.120413	1.119035	1.118589	1.122363	1.1184	1.112373	1.106968
1.114879	1.112718	1.112602	1.111849	1.11566	1.111533	1.105559	1.099499
1.108603	1.106759	1.106403	1.105747	1.109204	1.104562	1.099207	1.093062
1.102777	1.100633	1.101491	1.100444	1.103192	1.09935	1.093946	1.087754
1.096976	1.095065	1.09673	1.096714	1.09728	1.094058	1.088572	1.082909
1.092272	1.089573	1.092365	1.091864	1.092052	1.088626	1.083635	1.077923
1.088859	1.084749	1.088758	1.088342	1.08797	1.084737	1.078982	1.073003
1.086035	1.081004	1.086388	1.085191	1.084755	1.081721	1.075793	1.068882
1.083046	1.07708	1.083186	1.082456	1.08139	1.077846	1.073378	1.066509
1.079722	1.074039	1.080543	1.079866	1.078199	1.07486	1.071023	1.063786
1.076989	1.071741	1.077818	1.077708	1.075554	1.07184	1.068349	1.061124
1.074683	1.069258	1.075647	1.074614	1.072907	1.068604	1.065687	1.058852
1.072776	1.067303	1.073487	1.071999	1.069542	1.066614	1.063789	1.057214
1.070667	1.065389	1.07129	1.07015	1.067368	1.065496	1.061802	1.055748
1.068931	1.063738	1.068718	1.068476	1.065672	1.062943	1.059288	1.053791
1.06795	1.060801	1.067598	1.06747	1.064098	1.061784	1.057592	1.052467
1.066786	1.059034	1.066168	1.065973	1.062759	1.059965	1.056862	1.051488
1.065045	1.057129	1.064299	1.064798	1.061557	1.057947	1.054682	1.050485
1.064155	1.05657	1.063346	1.062923	1.060438	1.056119	1.053487	1.049384
1.063067	1.055015	1.062792	1.062142	1.059146	1.055232	1.052251	1.048403
1.062475	1.054777	1.062351	1.060701	1.057626	1.054444	1.050925	1.047616
1.061344	1.053217	1.061249	1.06007	1.057501	1.054562	1.050059	1.046648
1.060914	1.051451	1.060678	1.059921	1.057237	1.053785	1.050385	1.046077
1.061184	1.050427	1.060488	1.059601	1.056648	1.052737	1.05006	1.045207
1.060876	1.049595	1.059532	1.059483	1.056528	1.052165	1.049914	1.044528
1.059731	1.049469	1.059271	1.060018	1.056481	1.052729	1.050036	1.044018
1.059996	1.04952	1.058985	1.059899	1.055819	1.052587	1.049365	1.043292
1.059654	1.049325	1.058714	1.059585	1.054534	1.051624	1.048606	1.042511
1.059303	1.048567	1.058527	1.059625	1.055038	1.051766	1.048325	1.041913
1.058851	1.048743	1.058073	1.059826	1.055365	1.051526	1.047794	1.042253
1.058109	1.04895	1.057499	1.059707	1.055548	1.050725	1.047933	1.042279
1.058516	1.049083	1.058381	1.060418	1.055052	1.051439	1.04789	1.042466
1.059413	1.048823	1.058646	1.060598	1.055209	1.051055	1.047765	1.04356
1.059889	1.04924	1.059217	1.061392	1.05556	1.051747	1.047969	1.043911
1.060446	1.049566	1.059165	1.062476	1.056141	1.052741	1.0468	1.044304
1.0615	1.049805	1.059392	1.063105	1.05676	1.053244	1.047744	1.04437
1.061811	1.050361	1.059625	1.063565	1.057581	1.053726	1.048427	1.044391
1.062504	1.050688	1.060192	1.063793	1.058346	1.054046	1.04875	1.044526
1.062503	1.051085	1.06094	1.064538	1.058932	1.05407	1.048596	1.045429
1.063485	1.051551	1.0614	1.065863	1.059139	1.054982	1.049101	1.046187
1.06398	1.053119	1.062137	1.067543	1.06004	1.055769	1.050117	1.047307
1.064849	1.053679	1.063216	1.06827	1.060093	1.05686	1.050891	1.048457
1.066251	1.053855	1.064095	1.070058	1.060893	1.056941	1.051907	1.048839
1.066605	1.054024	1.064704	1.070713	1.060665	1.058146	1.053108	1.050448
1.067902	1.054732	1.066041	1.071994	1.061592	1.058904	1.05421	1.05094
1.069022	1.054806	1.067587	1.073078	1.062454	1.059709	1.055742	1.051122
1.069579	1.05531	1.068674	1.074433	1.063404	1.060743	1.056471	1.051929
1.070673	1.056579	1.06934	1.074575	1.064022	1.062136	1.057717	1.052347
1.071591	1.057151	1.07028	1.07538	1.065726	1.062837	1.057772	1.053116
1.073165	1.057793	1.07211	1.077046	1.067098	1.063744	1.058766	1.054203
1.074925	1.059035	1.073596	1.078489	1.067268	1.064366	1.060078	1.054679
1.075906	1.059627	1.075075	1.079424	1.068663	1.065764	1.060699	1.055859
1.077462	1.061213	1.07572	1.080721	1.070035	1.065944	1.060793	1.056605
1.079144	1.061853	1.076922	1.082392	1.071215	1.067289	1.061348	1.057115
1.080581	1.063475	1.079119	1.083829	1.071442	1.06891	1.062551	1.058109
1.082529	1.064304	1.080494	1.085263	1.072565	1.070048	1.063433	1.058926
1.083733	1.065294	1.081329	1.085896	1.073841	1.071305	1.064937	1.05978
1.084774	1.067132	1.082588	1.086776	1.074949	1.072592	1.065866	1.061057
1.085689	1.069327	1.083246	1.088182	1.076395	1.07405	1.067528	1.062341
1.086735	1.070657	1.084742	1.089423	1.077985	1.074978	1.069157	1.062988
1.088056	1.071626	1.08603	1.091032	1.079287	1.076456	1.069909	1.064225
1.08997	1.072525	1.087065	1.092779	1.080671	1.077817	1.071223	1.065221
1.09197	1.073964	1.087824	1.093815	1.081732	1.079365	1.07163	1.066881
1.094089	1.075658	1.089152	1.095212	1.083081	1.080278	1.072094	1.067957
1.094994	1.077096	1.090709	1.097132	1.084951	1.081486	1.073681	1.069602
1.096981	1.078272	1.092177	1.099717	1.085556	1.082989	1.074732	1.070427