196	98	3
123	207	4
261	243	2
247	217	4
196	188	1
284	175	1
231	124	1
61	151	1
158	151	1
187	292	1
55	279	3
84	142	3
85	117	1
266	210	4
81	56	1
289	104	3
265	8	2
60	171	4
122	292	3
86	33	1
150	279	1
264	124	4
32	137	3
51	228	4
125	171	2
34	257	4
11	103	2
143	39	3
189	291	2
72	297	3
52	158	4
289	29	1
284	245	2
33	64	5
247	184	2
169	14	3
19	110	1
97	285	1
180	167	3
217	73	3
122	2	1
116	288	4
136	27	4
261	27	1
80	166	4
216	31	1
3	293	2
170	164	1
79	284	2
269	244	1
275	210	4
264	200	5
264	232	2
244	82	1
242	294	3
25	105	1
130	130	3
24	69	2
142	25	2
61	179	1
255	66	2
198	26	2
31	181	1
213	285	3
173	129	3
18	80	3
212	122	3
53	257	2
92	128	1
183	158	1
28	58	1
147	130	1
267	47	1
165	25	3
35	138	5
128	92	3
276	118	2
47	171	3
178	244	1
63	108	3
138	95	1
49	255	2
70	109	1
255	46	2
270	197	1
107	270	5
123	149	2
16	14	1
270	165	1
251	77	1
273	77	1
58	244	2
152	112	1
242	178	3
181	75	3
96	6	1
258	5	3
210	102	3
222	9	5
283	70	3
256	230	1
161	136	3
214	282	4
198	125	2
183	288	1
211	119	1
23	98	1
204	0	4
76	242	1
219	161	1
25	224	2
110	277	3
102	246	2
62	244	2
38	9	1
76	42	1
168	236	2
239	74	4
58	161	3
253	24	1
173	125	1
213	145	2
124	18	2
84	25	1
287	104	2
205	115	4
190	148	5
86	144	3
103	222	1
278	164	1
66	49	5
60	240	1
104	10	3
93	150	2
23	138	1
188	121	3
261	98	3
225	297	1
166	39	3
106	114	3
282	127	3
84	164	3
165	177	2
237	137	2
149	157	1
274	245	2
150	231	1
77	65	1
86	236	3
91	275	1
93	276	2
200	191	3
175	220	1
180	241	3
208	117	1
164	245	4
88	252	3
45	140	1
154	36	4
37	69	1
278	156	1
134	238	4
229	101	3
149	192	1
40	224	2
277	82	3
179	236	4
277	66	5
283	135	3
277	128	4
74	143	2
241	22	1
87	218	3
85	152	3
277	127	5
58	72	1
275	66	1
271	131	2
147	108	1
95	251	3
258	287	1
26	130	2
178	229	1
96	25	1
191	211	3
237	260	5
280	257	1
210	23	2
116	113	3
108	278	2
29	28	1
209	298	4
100	78	1
184	251	2
35	275	1
156	224	3
176	188	1
7	214	1
9	192	3
269	247	1
206	106	1
225	20	1
156	23	3
109	288	2
191	126	3
227	126	3
280	243	1
175	229	1
204	25	1
3	280	3
210	29	2
135	225	5
132	192	1
54	14	3
35	198	4
30	157	4
272	295	3
80	259	1
249	86	3
258	283	1
139	73	3
287	275	1
81	278	4
2	210	4
257	135	4
31	65	1
204	157	1
103	100	1
0	17	3
194	59	1
55	269	3
123	298	2
150	140	1
104	112	3
263	183	2
286	264	5
274	281	3
125	206	3
16	1	1
174	189	1
71	104	3
263	282	3
3	230	2
175	194	1
188	163	1
41	43	1
172	134	2
211	106	3
259	38	2
90	103	1
77	55	2
30	155	5
266	74	3
220	124	1
54	217	4
116	285	3
197	203	2
165	199	1
150	284	1
170	90	3
71	181	1
1	1	1
2	188	2
94	225	1
109	81	3
46	223	2
159	186	3
7	15	2
118	171	1
273	277	4
155	127	2
206	288	4
262	114	4
51	13	3
32	169	1
116	26	3
187	298	4
126	279	3
39	21	5
5	179	2
154	291	3
216	58	1
277	162	5
186	217	3
231	66	2
202	209	5
154	124	2
40	271	4
148	208	1
251	81	1
92	99	1
270	114	3
49	22	1
251	114	4
56	257	4
289	263	1
31	132	1
207	202	2
140	16	4
218	264	4
266	148	3
180	220	4
252	123	1
125	224	1
215	282	4
139	91	3
202	184	4
12	120	2
104	267	2
93	152	1
206	77	1
187	175	2
58	261	1
165	163	2
156	114	3
78	249	1
148	141	4
60	56	1
143	175	1
253	38	1
155	246	1
90	76	1
273	47	1
142	13	3
276	288	1
263	292	3
276	174	1
179	221	4
167	215	1
168	251	2
137	250	1
161	192	2
145	189	1
209	247	4
268	76	4
241	158	1
88	81	1
213	211	3
237	1	1
188	128	1
210	168	2
260	293	1
95	210	3
193	240	2
200	21	3
271	271	1
168	239	1
120	196	1
277	269	3
67	129	1
202	98	5
206	92	3
281	298	1
117	242	3
172	8	3
126	286	5
14	89	1
123	131	1
145	0	5
257	131	1
207	25	4
195	219	1
75	217	1
195	119	3
29	241	3
158	0	4
4	89	1
169	272	1
9	296	1
235	266	1
222	2	4
270	174	1
181	2	4
272	35	2
71	142	5
38	232	3
93	268	3
38	128	1
162	203	1
171	21	4
268	17	1
35	78	1
182	287	1
67	144	1
17	254	2
231	236	2
127	74	4
170	11	1
74	81	1
144	268	1
268	48	5
121	260	1
288	13	1
223	25	2
166	221	1
149	35	2
117	16	3
97	41	1
56	42	4
164	48	2
281	197	1
218	227	5
275	226	3
73	84	4
238	282	3
172	13	2
242	270	4
100	169	1
151	274	3
93	202	1
130	63	3
53	128	1
252	4	1
264	109	4
147	39	1
198	280	2
234	142	3
199	55	2
227	159	4
258	294	1
59	43	1
239	128	3
66	18	5
188	9	1
32	33	3
8	105	2
124	48	1
221	57	2
45	63	1
14	280	2
259	251	1
23	277	2
36	96	1
188	140	1
204	228	1
82	4	4
36	223	5
288	249	1
175	76	1
125	97	1
143	36	3
283	189	1
218	268	5
279	276	1
224	208	3
213	56	1
135	134	3
260	1	1
236	122	5
54	92	5
25	134	1
110	244	3
216	296	1
133	92	4
209	23	3
11	64	3
136	80	3
69	29	1
217	269	1
96	189	1
256	2	3
153	239	1
160	104	1
157	264	3
97	137	1
9	45	1
185	22	1
40	88	3
150	272	1
73	85	3
118	201	1
56	58	1
29	135	2
39	274	5
39	125	5
267	272	3
247	261	3
13	232	3
99	258	2
128	293	1
100	26	2
248	108	2
140	49	4
190	227	3
11	203	2
105	111	1
76	31	1
136	65	2
244	25	1
114	233	3
241	151	1
77	168	5
45	223	1
242	251	3
196	179	1
157	85	2
240	40	4
76	116	1
255	58	2
160	140	1
213	252	3
220	161	1
246	233	1
12	111	3
167	295	1
187	23	2
211	63	5
123	243	1
150	7	1
287	76	2
34	216	1
230	278	1
135	133	5
185	43	1
78	234	1
163	221	4
268	102	4
68	3	3
155	206	1
113	150	1
160	26	1
196	239	1
35	61	1
217	101	2
271	0	3
274	103	2
214	113	1
82	98	4
245	214	2
56	278	3
270	224	1
221	205	1
119	45	1
275	61	1
31	60	2
41	140	1
109	206	3
179	108	4
68	196	4
196	153	1
42	28	1
102	226	1
266	152	4
217	265	1
148	161	1
194	148	3
171	231	4
161	27	1
150	298	1
224	44	2
92	205	1
89	146	2
184	99	3
95	241	3
120	87	1
99	130	3
245	89	2
171	259	3
162	268	1
62	4	1
183	104	4
86	19	2
180	72	3
106	214	5
191	110	1
140	197	1
251	146	4
37	86	3
163	255	1
109	291	3
74	112	1
149	227	3
114	47	2
189	124	2
175	31	1
14	203	2
59	128	1
91	253	3
149	126	2
14	90	2
49	214	2
41	219	4
223	157	2
14	164	1
130	108	2
76	18	2
114	289	1
51	96	4
122	260	3
0	78	2
79	35	5
15	248	1
231	255	1
282	213	3
71	5	2
232	213	4
188	255	1
230	162	1
241	159	1
79	122	4
47	82	3
4	98	3
166	166	1
45	17	1
87	87	3
195	12	1
145	57	2
93	90	3
222	182	4
91	271	3
243	10	4
261	42	1
84	30	1
222	90	4
162	112	3
102	285	1
278	236	1
198	56	1
212	9	3
95	65	1
16	17	1
47	66	4
263	193	3
231	140	2
146	134	2
271	280	2
54	38	3
2	43	1
66	143	2
129	69	3
114	74	1
289	47	1
227	257	4
117	75	5
17	67	2
241	65	1
255	72	3
203	270	1
95	67	1
189	294	1
180	298	4
111	240	3
75	45	3
148	235	1
7	208	2
170	74	1
94	109	1
133	238	3
240	141	3
98	7	1
223	73	1
60	63	1
178	77	1
85	138	3
22	88	4
103	173	2
161	214	3
4	200	4
220	255	1
156	152	3
98	154	1
213	244	2
205	38	5
67	221	1
65	278	5
171	81	4
36	60	2
12	3	2
191	288	3
50	208	2
211	222	1
87	292	3
181	245	2
226	64	3
157	26	1
244	156	1
199	137	3
160	275	1
52	44	1
66	53	1
57	213	5
86	155	4
269	276	2
174	70	1
91	191	3
146	147	1
189	80	3
109	167	2
53	102	1
85	39	1
26	246	5
0	198	3
96	20	1
223	103	2
271	178	2
131	210	4
81	87	2
224	279	2
61	18	1
185	41	1
173	185	1
77	78	1
72	74	1
188	299	1
39	74	5
220	112	1
218	286	3
37	110	1
248	200	1
134	157	1
193	79	2
115	264	5
281	88	2
204	217	1
253	298	1
256	187	1
98	27	1
238	119	3
269	29	1
26	220	3
247	231	4
12	129	2
212	54	3
28	172	3
174	176	2
198	228	3
11	20	2
186	1	1
182	46	4
33	276	1
17	15	1
131	154	1
235	143	3
55	281	2
97	173	5
197	147	4
154	155	4
242	164	4
201	158	1
228	297	2
99	24	4
276	177	1
68	287	1
7	40	2
169	87	4
277	164	5
139	90	3
181	112	2
246	115	2
181	125	3
146	85	3
58	24	2
147	199	2
245	81	3
207	144	4
187	67	2
159	168	3
254	175	1
182	27	2
34	162	2
20	147	1
136	120	5
89	221	3
235	69	2
175	147	1
222	217	4
188	113	1
287	144	1
58	14	3
103	67	3
63	24	2
149	2	3
264	283	5
91	78	3
212	40	3
68	117	3
154	164	3
119	134	4
102	42	1
80	147	1
227	158	4
74	161	1
259	137	3
122	238	3
60	220	5
149	139	1
226	132	5
48	156	2
190	34	3
280	41	1
212	211	3
82	102	2
130	91	4
52	12	1
118	184	1
169	223	1
166	202	1
115	12	5
248	93	2
123	286	2
57	162	1
132	39	2
137	208	1
247	205	3
269	143	2
102	187	3
266	133	4
127	185	4
162	295	1
281	9	2
87	234	4
68	38	3
89	256	1
138	100	1
173	173	1
89	21	3
104	226	1
9	110	1
88	206	5
96	172	3
77	69	1
145	98	2
184	110	2
181	281	2
255	287	1
273	245	1
13	195	4
281	133	3
115	223	4
191	155	3
279	246	1
233	70	1
110	189	1
20	277	2
73	163	1
63	163	1
1	44	1
210	65	1
70	98	1
259	0	2
19	260	2
211	278	1
5	180	3
86	175	1
215	200	3
120	249	1
268	209	4
221	299	1
200	60	3
15	62	2
186	44	1
8	251	2
232	80	2
138	236	1
189	298	2
161	168	4
80	250	1
11	150	5
94	104	1
83	7	2
33	6	1
37	194	3
162	71	2
11	271	4
64	4	1
60	226	1
44	63	2
55	49	1
192	54	1
136	252	4
81	166	5
22	123	4
67	137	2
209	109	3
0	12	4
251	51	3
1	190	1
255	115	3
67	54	1
122	270	1
210	25	2
165	105	2
97	181	1
191	209	5
12	24	3
226	261	2
154	248	3
70	8	2
158	284	2
8	95	2
231	128	1
182	257	1
100	206	1
202	210	5
57	90	1
170	234	1
200	103	4
160	16	1
66	69	2
128	52	1
125	117	1
256	78	4
98	54	1
83	113	3
262	159	3
217	115	1
142	2	1
204	141	3
222	126	4
50	98	1
256	38	3
121	116	1
161	259	2
261	185	4
74	129	1
150	244	1
59	197	4
103	109	1
32	143	1
161	9	4
15	185	1
67	200	3
282	243	4
41	70	1
209	192	5
184	202	1
2	243	4
119	195	1
31	33	1
247	17	3
127	257	4
15	292	4
110	0	4
274	178	3
145	194	2
234	11	1
176	53	3
44	152	3
262	97	3
58	130	2
70	31	1
1	104	4
89	113	2
75	84	1
62	148	1
207	183	4
128	96	1
93	100	4
99	158	4
141	82	3
65	45	1
6	140	1
3	75	1
269	56	1
2	173	2
252	295	1
98	201	1
47	17	3
267	292	2
141	264	4
6	147	1
114	147	1
54	288	5
244	161	1
117	105	2
66	35	2
18	294	1
40	24	2
22	266	2
83	218	3
171	191	4
36	186	1
65	79	1
274	253	3
158	20	1
207	167	3
97	4	1
101	287	3
51	216	3
215	184	2
211	90	1
231	55	1
252	166	1
20	214	1
239	18	3
118	269	1
93	108	1
61	201	1
116	84	4
235	29	1
202	108	4
81	6	2
35	45	2
174	291	2
269	97	2
83	295	4
151	287	4
53	96	2
190	21	3
144	64	5
162	275	1
0	265	5
200	214	4
73	25	2
108	220	1
176	199	1
54	245	4
69	9	1
129	80	4
283	159	1
149	166	1
63	95	2
242	292	3
242	162	3
287	102	2
126	63	5
162	136	1
39	223	1
232	30	2
86	75	1
288	162	2
33	178	4
113	182	3
157	270	4
170	272	1
74	290	2
64	240	3
191	162	5
257	191	1
147	0	2
36	269	5
185	182	1
104	173	2
20	209	1
250	247	1
257	80	5
18	104	3
264	1	2
58	226	1
96	104	1
58	276	1
249	136	2
273	56	1
229	175	2
6	108	1
87	202	1
283	36	3
21	179	3
100	9	1
187	36	2
55	138	1
240	116	4
205	42	4
183	58	2
82	50	2
248	238	1
62	215	1
89	252	5
64	135	1
270	133	2
236	24	3
56	31	2
120	262	2
12	67	2
117	247	3
230	253	1
68	172	4
270	82	1
68	64	2
34	226	1
99	12	2
28	88	1
88	275	1
140	170	1
146	215	1
73	141	3
243	184	1
145	246	3
218	58	1
249	222	2
97	236	4
170	48	2
104	243	1
106	139	3
140	176	1
195	257	1
21	273	4
5	77	1
180	153	3
27	147	2
227	151	4
46	247	2
191	153	3
4	209	3
176	178	1
203	250	1
258	247	1
197	41	1
107	256	1
174	86	1
134	156	2
140	266	1
44	258	1
245	134	4
10	193	5
138	185	1
240	176	1
13	169	2
68	7	1
195	46	2
96	145	1
245	18	4
272	70	3
225	63	2
131	248	1
121	190	1
268	258	3
141	13	3
69	45	1
150	31	2
280	17	1
41	45	1
116	161	4
114	116	1
63	103	1
129	160	2
34	68	2
241	40	3
173	252	1
147	173	1
76	8	1
28	68	1
257	265	1
130	83	3
145	251	2
44	271	1
61	137	1
110	143	1
211	295	1
264	163	3
56	139	1
106	184	3
268	35	4
205	297	1
28	270	1
146	11	2
18	180	2
7	100	1
285	71	1
93	33	1
111	196	5
22	25	2
284	87	3
38	139	1
249	246	3
147	59	1
274	295	2
182	97	1
203	51	4
157	142	3
261	147	4
118	170	1
11	171	2
242	179	2
214	96	5
223	237	2
286	236	3
95	269	3
186	270	3
212	39	2
167	44	1
7	46	1
30	200	5
175	80	3
266	234	2
124	238	1
119	68	1
21	93	4
33	57	4
80	197	1
108	54	1
284	44	3
224	54	4
186	9	3
75	96	3
177	16	3
229	112	3
94	200	2
62	140	1
148	21	4
105	79	1
104	220	1
103	210	4
238	227	4
271	110	2
83	184	4
19	111	1
171	292	4
7	280	2
0	145	2
177	14	2
8	18	3
46	169	3
36	149	1
110	206	4
219	195	2
33	61	5
185	220	1
72	79	1
224	6	4
269	10	3
210	139	2
157	228	3
193	205	3
31	29	1
84	220	4
168	84	1
20	272	4
108	291	1
194	185	3
85	10	3
133	243	2
33	135	2
144	232	1
157	24	4
59	123	1
233	288	4
232	152	2
149	61	1
263	104	2
118	140	1
28	97	3
10	179	1
60	129	1
127	210	4
289	295	1
62	37	1
235	150	1
52	261	3
168	169	1
45	10	1
244	95	1
137	132	1
98	298	1
7	168	2
265	202	1
94	117	1
7	122	1
112	21	1
214	49	5
146	212	1
42	285	2
137	219	1
59	208	2
6	183	2
283	25	2
42	81	1
284	17	1
87	173	3
198	230	2
17	157	1
244	237	1
70	142	4
223	121	4
106	78	2
212	275	3
264	118	5
232	223	4
237	14	1
192	80	2
127	225	4
39	283	5
120	64	4
184	11	2
246	201	1
97	176	3
178	201	1
278	49	4
197	106	1
107	251	4
59	117	1
124	218	4
250	287	1
248	8	3
251	63	3
76	86	2
215	22	4
214	114	5
176	116	2
232	78	2
227	142	5
157	293	5
154	4	3
98	106	1
135	153	4
37	240	1
14	140	1
250	43	3
182	111	1
153	122	3
134	169	1
129	41	2
254	17	1
203	52	1
256	12	3
12	285	3
208	249	3
204	29	1
234	179	2
121	11	1
166	245	1
140	188	1
57	127	1
232	203	2
219	99	4
83	226	1
195	11	3
194	106	1
229	35	2
133	22	3
31	23	3
219	162	2
286	189	5
288	57	2
48	121	3
51	38	3
142	171	1
184	245	4
55	187	3
44	218	2
197	150	1
165	193	2
183	146	2
256	247	1
95	24	1
101	53	3
52	80	1
109	5	4
43	38	2
111	248	1
141	93	3
25	86	1
165	197	3
64	149	1
207	177	4
220	149	2
67	194	2
236	257	5
176	169	1
182	220	1
11	294	3
166	81	1
257	210	1
266	110	1
78	266	1
117	162	1
72	84	1
184	134	3
207	213	4
135	158	2
151	48	4
209	182	4
219	219	1
117	22	5
246	265	2
257	271	1
248	148	2
203	67	3
111	188	5
266	183	4
270	115	1
178	287	1
206	215	3
205	278	1
45	141	1
253	145	2
201	185	2
236	58	4
55	74	1
234	190	3
175	126	3
130	208	3
68	143	2
195	254	2
196	254	1
203	283	1
143	120	4
169	201	1
238	238	2
45	30	1
170	137	1
17	159	2
128	238	2
24	294	2
184	270	4
100	294	1
249	284	1
228	115	1
130	264	3
133	239	2
58	229	4
126	266	4
16	85	1
51	173	3
283	16	4
158	107	4
38	50	1
1	264	2
148	99	4
237	231	4
281	44	4
128	261	2
156	159	3
86	210	4
172	5	2
41	173	2
112	207	1
269	94	1
120	227	5
185	198	1
40	160	2
157	217	4
239	169	1
164	59	3
31	124	1
273	71	5
141	180	3
156	280	3
177	22	5
110	145	2
200	115	3
87	241	3
16	43	1
141	65	1
150	267	1
135	141	5
195	158	1
282	227	3
62	46	1
133	228	2
279	143	2
225	199	5
156	188	2
175	53	3
229	205	1
256	117	2
22	73	4
257	69	3
52	34	1
288	271	1
176	265	1
202	6	2
167	228	1
116	107	4
130	179	3
37	199	3
128	217	1
124	63	1
85	86	1
79	293	4
164	149	3
132	183	1
243	129	4
269	76	1
215	83	4
225	111	3
140	153	1
117	178	2
200	50	3
193	170	1
196	215	1
0	282	2
284	228	2
233	264	1
5	280	2
53	141	1
12	185	2
96	266	3
18	35	3
123	46	1
138	209	1
270	144	1
145	44	1
30	219	3
127	209	3
230	188	1
118	148	1
124	30	1
230	118	3
207	98	3
157	31	2
101	203	3
8	147	3
177	201	3
24	296	2
12	218	4
246	178	1
10	285	1
0	133	3
269	109	1
275	26	3
103	246	5
160	233	1
41	121	1
185	278	1
20	37	3
223	57	1
100	162	3
106	153	5
9	143	1
245	4	4
286	107	5
153	139	2
78	156	1
83	155	4
169	73	2
66	238	3
26	187	3
69	191	4
134	269	1
163	289	2
107	143	1
15	210	5
201	71	1
239	57	2
220	290	1
262	21	3
142	205	1
19	236	1
171	108	5
151	127	3
23	134	1
44	260	3
163	114	4
232	172	3
208	237	2
228	50	1
24	221	3
144	41	1
11	51	3
78	251	1
191	58	1
226	279	2
15	99	2
251	230	1
176	143	2
177	250	2
13	58	1
16	114	3
172	59	2
133	21	4
81	246	4
272	57	3
128	290	3
73	28	1
225	45	2
222	277	4
178	273	1
262	134	3
253	4	1
265	257	4
166	89	3
216	149	2
28	85	1
187	260	2
91	100	2
6	274	1
63	106	1
193	65	2
43	295	3
37	78	1
53	120	4
123	92	2
53	140	3
63	228	3
85	124	3
17	251	3
164	55	2
154	280	3
186	51	3
167	293	1
245	131	4
3	181	1
10	164	1
91	124	1
12	109	1
59	120	1
156	267	3
261	126	3
227	71	4
192	193	1
110	287	5
95	64	1
72	212	4
233	120	1
79	70	4
176	119	4
120	214	4
38	285	4
84	291	4
252	169	1
115	180	2
249	62	3
73	117	2
226	80	3
207	250	3
201	19	4
216	254	2
131	192	2
21	41	2
87	193	4
203	86	1
139	38	3
250	297	1
247	103	4
246	63	2
65	189	1
146	243	1
108	60	1
187	185	2
7	76	1
223	110	2
253	48	1
124	14	1
134	114	3
172	248	1
143	149	2
276	55	1
42	264	2
102	200	4
206	262	1
18	244	1
77	19	3
123	203	1
27	103	1
127	120	4
109	238	2
121	10	1
175	198	1
58	47	1
80	200	3
85	213	3
193	261	2
192	10	1
173	23	4
239	288	1
252	196	1
66	210	4
65	287	1
166	19	4
23	4	1
118	161	1
71	41	1
34	79	2
227	169	2
101	94	4
242	241	3
24	122	2
285	127	3
162	166	1
62	132	1
115	107	2
279	186	1
259	128	1
255	78	5
81	35	3
143	141	1
233	212	2
216	261	1
45	80	1
131	125	1
245	257	4
165	273	2
30	184	4
195	34	2
248	37	1
273	149	1
109	70	4
202	233	5
194	87	3
97	197	4
90	109	1
187	15	1
166	289	1
201	94	2
231	113	3
48	136	3
192	234	1
71	89	1
67	247	2
21	43	5
77	125	5
161	50	2
65	200	2
251	164	2
43	83	1
80	285	3
180	238	3
22	164	2
217	113	1
69	148	1
211	14	1
126	202	5
286	247	5
103	88	1
113	53	1
119	152	1
104	152	1
110	167	2
244	154	1
160	8	1
3	3	3
269	210	2
262	292	2
267	25	3
18	234	3
169	291	1
199	217	3
153	152	1
274	150	4
101	38	3
80	7	2
19	221	2
69	115	1
115	60	2
285	15	1
75	176	1
87	82	2
144	152	1
48	111	1
174	127	2
192	185	1
49	173	2
32	55	1
287	267	1
164	34	4
197	250	1
49	266	4
287	296	1
262	160	2
164	143	2
139	275	1
145	190	3
133	266	3
193	132	3
34	187	2
217	1	1
113	128	1
28	218	5
129	122	2
212	247	4
197	205	1
209	25	3
85	114	3
265	169	3
84	127	3
69	259	4
261	187	3
203	255	1
242	125	4
56	91	3
176	147	4
263	235	4
130	157	2
34	296	3
193	174	1
152	271	1
155	276	3
259	49	3
81	122	5
100	261	1
2	70	1
277	61	4
238	126	4
108	17	1
161	238	3
245	197	3
140	113	2
258	151	1
41	181	1
78	215	5
143	227	3
254	294	1
148	199	1
223	52	1
18	251	2
248	171	1
237	247	5
52	133	1
138	190	1
169	213	1
171	123	3
188	3	1
177	65	1
285	5	2
126	108	5
59	136	1
68	272	1
277	70	4
70	238	3
133	1	3
76	127	1
53	69	3
252	31	2
275	267	2
47	193	3
268	250	2
225	272	1
141	266	4
277	46	4
282	62	2
203	188	1
255	91	2
100	288	2
113	105	1
35	89	1
145	145	2
137	58	1
3	185	2
233	251	1
21	102	2
193	50	3
24	254	4
7	155	3
86	112	2
168	253	3
229	132	1
112	96	1
222	42	3
247	67	3
140	25	2
126	60	4
286	276	3
125	166	4
243	28	1
61	33	2
63	234	1
193	216	2
242	52	1
141	23	3
10	20	1
119	268	3
60	200	3
174	92	3
151	164	3
219	92	4
134	178	4
131	120	3
16	132	1
265	211	2
93	205	3
7	218	3
65	271	1
15	175	1
22	165	3
105	261	1
239	170	1
111	218	3
154	106	4
242	282	4
277	25	4
274	9	3
104	122	2
5	271	3
264	151	3
159	152	2
40	272	4
122	201	1
159	270	3
210	49	2
79	83	4
261	2	3
276	168	1
234	237	3
205	168	1
181	238	2
17	23	2
146	174	1
17	171	4
176	74	1
217	203	1
285	128	1
94	92	1
265	77	3
225	70	1
185	247	1
234	151	1
265	23	4
259	35	1
207	3	4
100	273	1
204	288	2
204	183	1
79	75	4
97	242	1
182	89	4
62	83	1
195	28	3
46	1	2
239	120	4
247	76	4
27	108	2
57	125	1
280	66	1
113	115	1
21	213	4
255	125	4
267	79	4
6	179	1
135	106	3
126	209	4
220	160	1
158	78	2
63	190	1
241	239	1
103	108	3
218	28	2
229	163	2
160	111	1
59	24	1
111	270	2
36	222	2
27	9	2
267	122	4
97	222	2
55	66	1
168	231	5
113	272	2
269	65	1
255	281	2
200	104	4
113	165	1
3	208	5
234	46	2
287	22	2
47	236	3
17	167	1
111	208	1
65	221	3
122	162	4
170	174	3
13	36	3
80	108	1
32	165	1
260	271	1
14	95	3
96	163	1
132	220	1
253	52	1
205	163	1
9	252	3
251	116	3
90	295	3
79	25	2
35	227	5
212	98	4
50	269	2
226	0	2
257	129	4
36	213	5
224	167	3
193	67	4
212	137	2
58	114	3
44	164	2
13	125	1
172	17	1
153	81	1
231	204	2
77	236	3
84	128	2
168	207	3
209	20	3
250	37	4
52	219	2
152	266	1
21	137	3
260	239	1
120	82	1
153	213	2
173	148	2
15	203	2
210	52	1
43	296	3
11	221	4
235	144	3
170	199	4
119	110	1
189	134	2
118	47	1
24	133	4
28	217	2
165	249	3
180	63	5
245	178	4
47	97	2
107	51	1
186	95	3
164	11	3
117	48	2
66	191	4
69	221	1
145	272	2
46	189	2
270	285	1
96	295	3
204	262	1
168	85	1
242	130	1
211	73	1
246	19	3
268	110	1
196	189	1
79	118	4
92	159	1
179	223	4
144	147	5
52	113	4
169	67	2
256	131	2
26	297	4
49	131	1
275	46	2
36	190	2
48	75	4
235	127	2
27	107	2
212	263	3
22	169	3
148	207	1
127	151	2
183	273	1
246	251	1
192	129	3
260	15	1
73	143	2
158	135	2
18	198	3
180	272	3
43	41	2
178	127	3
244	233	1
197	67	4
35	262	4
113	143	1
162	46	3
115	14	3
15	160	3
254	286	1
12	197	3
40	143	1
120	212	5
260	281	1
257	147	2
277	222	5
246	14	3
281	39	1
222	259	4
135	224	2
1	275	2
236	96	5
141	246	5
91	299	3
90	209	1
68	100	2
144	165	1
139	241	1
54	216	2
105	107	4
8	208	3
262	210	3
93	196	3
213	174	4
218	165	1
39	156	3
255	129	4
151	265	4
37	24	1
170	170	1
238	204	2
167	190	1
238	27	2
270	43	1
181	23	2
171	69	4
154	182	4
42	251	1
148	14	2
154	115	2
130	6	3
99	4	4
251	178	2
125	96	1
67	123	1
194	63	2
36	266	5
54	244	3
50	108	1
244	92	2
288	3	2
35	165	4
136	83	2
188	239	1
183	66	3
54	41	2
99	282	3
48	10	2
151	69	4
180	176	3
14	231	2
155	280	1
2	121	1
160	201	1
239	235	1
279	73	3
234	84	3
108	269	1
56	272	3
152	21	1
115	173	3
216	199	1
263	60	2
256	121	4
237	243	5
151	226	4
124	247	1
84	97	3
230	233	1
260	84	1
3	173	4
151	175	3
28	197	1
208	285	1
76	267	3
244	63	2
263	120	4
160	204	1
80	288	3
228	266	3
182	121	4
70	156	3
143	29	2
129	36	3
82	188	1
94	90	1
278	124	1
9	157	1
62	48	1
214	207	1
236	83	5
5	74	3
238	154	3
213	162	5
224	237	3
137	202	1
126	67	3
229	187	1
145	134	4
82	49	3
14	268	2
232	151	1
65	55	1
4	192	2
287	113	1
273	185	1
24	15	1
2	218	5
60	127	1
281	190	1
11	85	4
235	244	1
95	230	1
254	14	1
8	53	3
195	6	1
71	194	1
193	31	2
167	40	1
188	228	1
83	59	1
100	147	2
92	50	1
164	21	2
74	79	3
100	242	2
98	177	1
254	259	1
112	269	1
25	170	1
219	110	1
223	149	1
56	179	2
229	248	1
251	13	2
37	36	2
189	112	4
154	282	4
221	248	1
24	150	4
43	54	1
199	113	2
278	41	1
243	181	1
106	194	2
144	127	4
190	55	2
107	249	5
108	82	1
154	269	2
50	160	3
34	165	4
26	276	5
130	258	2
216	26	1
142	3	5
128	31	2
32	237	4
198	168	2
211	189	1
82	21	2
161	65	3
36	170	2
146	73	1
264	204	2
221	36	4
210	70	3
41	282	5
288	52	1
207	175	3
7	2	1
258	128	2
56	105	3
41	80	1
13	82	4
35	274	4
202	261	5
280	201	1
116	220	4
37	54	1
243	235	1
170	160	1
85	25	1
42	213	2
224	165	3
276	158	1
47	33	2
189	127	4
2	134	1
132	28	2
86	111	1
277	242	5
131	67	3
270	32	1
2	220	2
130	34	1
199	81	2
23	263	1
211	32	5
118	221	1
83	115	3
99	107	4
260	231	1
35	159	1
72	126	1
0	199	5
44	17	1
115	154	3
188	203	1
139	110	3
190	264	2
190	116	4
90	227	3
46	45	2
190	294	1
94	292	3
99	232	3
47	226	1
114	97	2
184	225	2
63	132	2
205	119	3
206	61	2
274	74	2
90	299	4
289	149	2
266	143	3
253	0	1
109	223	3
99	65	2
265	14	3
272	240	3
78	198	1
234	287	3
90	224	4
265	26	2
246	23	2
62	159	3
285	272	3
30	190	1
205	186	1
205	267	1
278	226	1
149	234	1
50	47	1
69	281	5
4	70	2
236	246	3
258	270	1
10	222	4
95	183	1
204	298	2
249	186	2
280	225	1
68	281	3
173	194	1
8	240	2
240	293	1
168	141	1
241	269	1
112	285	2
190	167	3
14	79	3
45	295	4
192	286	1
36	24	1
179	36	5
255	114	4
206	151	1
131	160	3
275	280	1
1	29	1
274	129	4
161	123	2
110	5	2
230	198	1
25	120	3
198	130	3
25	273	5
234	123	2
16	259	1
232	216	2
180	114	4
151	38	4
10	137	1
33	193	2
0	92	2
193	294	1
88	71	1
114	251	1
51	42	5
132	17	2
22	141	4
46	19	4
79	71	3
68	43	3
268	114	5
247	139	3
92	200	1
79	162	5
144	168	1
127	299	3
28	108	2
129	134	4
98	140	1
259	81	1
29	225	1
125	114	1
79	31	3
250	51	2
243	119	1
22	167	1
1	147	2
173	199	1
219	73	2
192	41	1
111	51	1
15	180	1
74	244	1
181	127	1
51	48	4
268	273	5
76	279	2
65	176	1
276	7	3
31	256	3
230	212	1
23	9	1
107	205	2
186	136	3
187	205	2
282	68	4
250	121	3
6	175	3
124	122	1
127	5	3
55	63	1
44	18	1
166	106	3
218	110	2
72	267	3
48	157	3
190	146	3
115	90	3
93	258	2
121	127	1
81	101	3
267	228	1
282	24	3
259	41	1
95	184	4
224	47	2
221	46	3
176	181	1
274	181	2
220	93	1
209	175	3
282	6	3
202	135	3
237	69	1
145	17	1
136	146	3
287	219	1
160	58	1
227	248	3
175	236	1
27	263	4
280	37	1
49	52	1
46	166	4
102	111	1
118	141	1
220	239	1
273	191	1
153	207	1
283	113	2
154	18	4
163	295	5
121	179	3
251	144	3
251	90	4
146	249	1
253	106	1
258	291	1
71	259	1
200	289	2
167	206	1
140	76	4
56	285	2
210	48	4
62	207	1
195	190	1
119	96	2
5	122	2
240	172	1
97	6	1
125	176	2
86	79	1
0	283	2
112	163	1
109	182	2
99	100	4
214	163	3
2	25	1
101	24	4
221	58	2
79	297	4
121	218	1
39	240	5
227	188	4
273	9	1
280	239	1
75	231	2
49	169	4
177	288	5
92	131	1
66	98	4
117	281	3
228	260	1
132	244	1
31	108	1
16	11	1
222	82	3
116	54	4
167	151	1
229	282	3
125	19	4
211	269	1
88	53	1
26	97	2
38	230	2
235	289	1
205	214	1
44	78	2
282	167	4
27	181	2
172	77	1
117	112	2
204	174	1
244	234	1
48	113	1
270	239	1
254	148	2
51	192	5
157	152	2
71	289	1
77	213	1
37	171	3
236	197	5
116	264	5
25	77	1
205	215	1
284	114	5
107	182	4
102	81	1
85	275	1
28	60	2
130	92	4
77	4	3
128	100	3
64	244	1
284	34	2
138	176	1
100	79	1
20	152	2
162	259	1
220	151	1
38	278	3
162	120	2
138	82	1
44	196	4
94	268	1
255	250	1
259	265	1
120	282	1
73	110	1
281	205	1
136	137	2
44	80	1
241	183	1
99	97	4
212	225	4
87	170	2
251	196	1
241	165	1
168	237	3
252	184	2
47	184	2
158	102	2
215	20	3
281	280	1
240	77	3
39	96	1
46	102	2
231	118	4
15	299	3
116	179	5
167	156	1
92	239	1
228	272	1
104	85	3
227	115	2
121	208	1
232	198	3
222	176	5
121	280	1
177	105	1
65	69	1
18	43	1
104	6	1
213	247	3
270	49	2
136	249	4
4	11	1
279	35	2
235	179	1
7	66	1
105	183	2
94	215	1
210	109	1
27	144	1
75	260	3
158	170	1
45	174	3
196	275	1
203	48	3
23	192	1
5	82	2
213	255	1
215	254	3
138	290	1
21	127	4
161	124	1
240	142	3
262	54	4
109	87	3
197	174	1
289	1	1
102	139	1
289	25	1
225	68	5
225	273	5
208	194	2
220	78	3
24	9	5
137	53	2
38	209	1
87	86	4
99	260	3
230	242	1
107	206	4
252	48	2
18	88	2
177	170	3
228	227	2
36	191	2
252	211	1
90	230	1
180	112	3
206	274	3
225	92	2
127	150	2
261	241	3
23	35	1
52	295	2
40	167	1
266	41	1
267	224	3
93	72	1
35	79	4
201	108	2
207	207	4
164	184	3
281	84	5
265	171	3
74	123	1
128	175	2
8	258	1
172	222	1
224	37	3
243	234	1
225	85	1
202	252	3
2	180	1
259	91	1
281	6	1
263	216	3
285	76	2
194	155	3
195	45	1
206	287	3
244	133	3
0	74	4
244	31	1
34	123	1
221	251	1
228	125	2
129	200	1
256	133	4
111	295	4
58	21	2
97	279	3
177	237	3
105	103	2
241	96	4
181	223	2
107	58	1
254	27	1
89	3	4
198	12	1
251	76	3
179	232	2
272	138	4
264	20	2
90	104	1
203	146	1
39	231	5
215	266	4
202	86	3
230	156	1
207	151	3
248	173	1
88	276	3
48	168	4
249	5	2
258	12	1
98	83	1
20	188	1
30	185	2
103	4	3
263	258	4
141	296	4
65	268	4
160	0	2
16	100	1
111	85	1
170	158	1
41	59	1
204	96	2
48	34	5
125	92	1
254	283	1
288	214	1
185	267	1
278	30	1
3	92	3
43	272	3
51	84	3
100	22	1
25	151	1
134	84	1
108	139	1
264	86	3
166	29	1
33	277	2
219	269	1
196	244	1
190	149	5
184	234	2
82	289	2
269	261	1
254	298	2
78	142	1
6	52	1
23	102	1
15	159	3
89	57	1
50	261	3
10	11	1
178	147	4
164	190	2
28	124	4
186	209	3
120	12	2
123	12	1
82	209	4
236	147	5
218	85	4
42	151	2
36	201	1
248	179	1
274	156	2
278	75	2
208	54	4
140	194	1
65	195	1
168	222	1
205	234	1
91	247	3
282	222	3
245	163	2
268	130	3
273	51	5
288	37	2
173	214	1
77	299	1
102	242	1
209	64	3
75	173	3
25	271	3
75	126	3
206	208	3
84	181	2
218	190	3
253	155	1
199	262	4
200	33	3
16	222	1
192	59	1
151	125	4
15	249	3
83	55	2
3	224	3
239	175	1
19	141	1
235	137	3
43	222	1
11	26	2
276	261	1
185	254	2
152	245	1
197	218	1
117	159	4
226	24	2
152	72	2
224	265	2
250	283	1
31	191	4
261	127	3
127	136	4
3	65	1
289	101	3
253	151	5
164	12	3
61	48	1
155	269	1
41	253	2
211	275	1
283	245	1
30	211	3
240	85	4
136	197	5
33	265	2
232	110	1
14	279	3
11	62	4
165	256	3
123	56	1
25	7	1
2	152	2
287	45	1
133	93	4
217	88	3
189	55	4
4	13	2
89	115	3
155	113	1
104	46	3
183	19	4
19	203	1
228	228	1
113	210	1
222	261	4
249	114	2
112	158	2
179	295	4
96	4	1
279	20	1
279	118	3
230	41	1
288	239	1
231	88	1
276	43	1
159	162	2
171	295	4
45	254	3
90	153	3
285	52	1
106	79	2
120	76	1
26	161	5
88	298	2
250	241	1
165	298	2
27	35	3
41	203	3
26	213	3
47	167	2
139	124	2
126	272	3
185	191	1
108	61	1
179	50	3
250	16	1
142	202	1
31	208	4
280	286	1
19	69	1
139	210	1
27	47	1
59	239	1
123	240	3
272	263	3
84	228	2
55	289	2
257	137	4
38	196	3
178	11	1
32	214	3
14	169	2
165	8	3
131	57	1
106	127	2
155	114	1
113	193	4
39	94	5
162	215	1
61	163	2
203	161	1
55	230	2
209	100	3
166	262	1
239	299	1
113	179	3
143	253	3
115	156	3
182	237	5
60	194	4
4	33	2
288	78	2
62	146	1
139	142	3
205	187	1
87	182	3
112	105	1
280	34	1
70	87	3
40	93	5
277	68	5
152	97	3
57	143	2
54	287	3
92	221	1
70	75	5
85	255	1
57	187	3
5	111	2
118	207	3
143	283	1
147	73	1
91	278	2
37	273	1
121	178	1
154	49	4
100	229	3
8	290	3
272	191	3
201	206	1
208	235	1
96	32	1
230	66	1
80	30	1
74	231	1
200	231	3
22	220	4
186	176	2
258	189	1
80	134	1
253	220	1
247	6	3
116	215	2
23	247	1
152	7	1
121	166	1
12	14	2
8	31	3
199	252	4
195	27	3
58	115	1
259	223	1
152	66	1
177	10	4
112	263	3
153	216	3
219	89	1
21	76	4
46	23	2
10	258	3
165	35	2
166	73	2
69	151	1
149	140	1
108	160	1
10	119	1
60	105	1
114	41	3
178	180	1
125	106	1
24	261	2
282	172	3
178	20	2
141	254	4
207	120	3
244	58	1
262	57	3
167	252	1
71	179	1
282	146	4
50	18	1
6	249	4
137	206	1
157	60	3
114	157	1
272	147	3
289	273	1
276	90	4
80	11	1
42	87	1
64	191	4
271	14	3
206	269	1
228	22	2
226	46	3
277	268	5
21	149	4
16	235	1
104	109	2
46	268	3
78	225	2
286	132	4
263	28	3
199	38	2
216	113	3
168	273	1
181	130	2
104	161	2
20	183	1
134	66	1
72	224	2
146	43	1
101	63	3
78	24	1
15	282	1
266	8	3
53	176	1
9	147	1
72	272	1
102	211	1
14	286	3
194	42	3
284	222	1
208	216	1
202	51	4
183	236	1
199	126	3
19	184	1
213	171	4
279	121	3
163	203	2
276	128	3
270	225	1
256	46	4
271	232	1
39	95	4
136	274	4
287	193	1
192	19	3
248	62	5
183	42	4
179	243	4
97	95	1
51	237	4
19	64	1
149	217	1
13	139	3
3	90	4
123	117	1
17	204	2
146	214	1
132	225	1
137	204	1
165	221	2
132	136	4
273	26	1
282	33	3
1	196	2
59	14	1
142	103	2
183	295	1
75	34	1
176	135	2
55	198	1
83	73	3
35	24	3
246	40	3
116	91	3
85	174	1
91	31	2
56	209	3
202	262	4
15	296	1
274	71	3
6	114	1
255	142	2
19	274	1
153	114	3
8	176	1
276	264	1
212	170	4
267	160	4
50	7	1
117	189	2
135	71	3
40	164	4
66	157	5
288	233	1
64	81	1
223	280	2
89	12	2
147	221	1
278	169	1
177	37	2
6	148	2
78	82	1
74	110	1
97	244	2
24	116	3
275	42	2
86	122	1
26	58	2
109	148	4
114	298	4
224	183	2
134	182	1
131	185	1
215	206	1
155	200	1
88	245	4
6	174	2
120	269	1
210	83	3
113	47	1
67	56	1
24	203	2
217	62	4
26	277	4
289	236	1
149	66	1
67	216	1
99	61	3
99	155	3
94	12	1
230	32	3
211	107	4
9	276	5
247	299	2
131	114	4
13	143	3
111	253	2
91	296	1
260	211	1
215	0	4
112	169	1
70	141	5
240	71	3
143	63	2
228	201	1
12	286	3
226	273	3
157	209	5
216	29	2
183	24	2
150	246	1
109	299	3
50	89	1
228	221	3
180	155	4
46	206	3
178	21	4
53	175	2
197	102	4
201	272	1
66	192	4
257	186	1
42	85	1
148	52	2
261	227	4
163	69	3
150	252	1
221	297	1
24	204	3
57	98	1
60	292	2
54	224	3
63	176	1
176	235	1
205	105	5
163	6	3
57	123	2
36	189	1
148	114	5
267	146	4
164	262	4
151	233	3
147	259	1
75	239	4
135	151	2
105	98	1
16	269	1
110	197	1
44	294	1
147	165	1
156	190	3
32	268	3
61	152	1
127	221	3
253	117	2
114	187	1
105	113	3
37	132	1
188	178	1
186	61	1
178	236	1
220	20	1
26	267	5
262	151	2
252	189	1
25	257	3
175	271	1
194	174	4
12	211	3
14	185	1
139	205	1
54	78	5
11	154	3
72	198	1
102	135	1
163	79	3
155	181	4
108	74	1
23	77	1
188	46	1
21	111	2
275	121	5
78	122	1
250	232	1
53	295	3
169	192	1
27	40	2
144	102	5
81	256	2
181	156	2
128	198	2
180	65	2
218	102	4
165	275	2
215	262	2
102	151	1
235	116	1
101	249	4
130	79	2
201	247	4
134	76	3
249	295	3
101	140	3
254	201	1
233	72	1
92	250	1
48	114	4
182	259	1
23	130	1
24	96	4
22	100	4
232	127	2
232	286	3
117	81	2
96	184	1
283	294	1
128	117	1
38	225	2
216	197	1
136	230	4
108	262	1
199	289	2
230	88	2
210	145	2
203	130	1
221	80	3
43	68	1
169	72	2
30	204	4
43	30	1
182	130	1
196	17	1
61	208	3
20	187	1
213	262	3
160	167	1
51	154	1
2	214	1
109	36	2
16	251	1
23	125	1
217	211	1
119	249	2
116	293	4
187	102	2
249	266	2
68	47	1
215	32	5
5	57	2
166	194	1
72	65	1
187	24	2
43	26	1
206	73	3
107	60	1
178	24	2
129	230	1
94	239	2
152	180	1
253	272	5
54	21	3
9	134	1
181	65	3
57	209	3
199	79	4
190	111	3
137	105	1
271	34	2
128	254	2
279	286	1
219	231	1
219	20	2
148	37	3
265	30	3
122	49	1
69	244	1
14	276	3
150	207	1
182	295	1
234	14	2
8	163	1
245	173	4
174	239	2
64	28	1
139	106	4
285	17	2
168	175	1
53	82	1
53	267	1
119	80	4
47	252	3
120	237	1
258	232	1
173	74	4
80	213	1
174	289	1
237	201	1
54	7	4
257	207	1
57	47	1
84	193	3
75	78	1
152	161	1
239	240	1
177	126	2
237	190	1
213	266	3
0	226	1
227	297	5
41	189	5
174	39	1
107	132	1
6	55	1
17	290	5
216	122	1
81	144	3
32	131	1
194	92	3
284	258	1
209	212	4
64	146	2
289	237	1
185	37	1
185	241	1
213	116	1
167	223	1
231	172	3
239	96	3
27	27	1
254	270	2
156	112	3
198	53	4
43	22	4
157	124	1
87	165	3
39	122	5
78	57	1
171	154	3
98	63	1
76	134	2
34	31	1
40	63	4
97	225	5
121	9	1
105	147	1
140	279	1
122	265	1
54	15	2
262	52	2
57	178	2
98	122	1
49	101	1
128	6	1
222	120	4
272	4	2
37	111	1
69	254	1
21	200	3
29	112	1
4	135	3
250	230	1
82	271	1
162	69	1
142	49	4
133	4	3
26	154	4
161	83	2
161	194	3
241	13	3
260	61	1
208	30	1
128	275	1
209	137	4
259	101	2
214	76	3
51	60	3
156	10	4
197	228	2
231	64	2
42	14	1
149	282	1
253	267	1
123	29	2
4	150	4
106	201	3
124	24	1
258	196	1
206	129	2
278	81	1
44	146	1
74	18	1
64	260	4
178	296	1
143	176	1
112	226	1
149	136	3
167	176	1
146	103	1
267	257	4
268	3	5
52	66	3
87	276	3
179	52	2
153	9	2
13	271	5
185	44	1
110	281	3
232	102	2
229	259	1
256	213	1
143	138	4
160	190	1
271	279	2
67	231	1
150	105	3
131	36	4
150	62	3
49	177	3
31	22	1
262	223	2
122	74	2
14	149	4
91	152	1
13	171	3
0	104	4
30	116	1
191	53	4
89	244	3
62	191	3
289	78	3
103	110	1
252	145	2
159	34	3
219	264	1
224	13	3
243	39	1
51	9	3
171	11	3
224	105	4
85	30	2
64	71	2
248	177	1
227	153	4
216	47	3
243	244	1
194	194	4
105	139	1
217	266	1
27	119	2
12	275	4
265	1	3
125	221	3
59	7	1
159	60	2
29	152	3
269	270	1
235	59	1
173	282	1
200	64	3
274	124	1
271	120	4
182	293	3
234	138	3
169	184	1
158	93	3
158	26	3
82	95	2
39	222	2
112	63	1
110	102	2
109	234	4
47	72	4
138	188	1
51	141	3
184	184	3
103	234	1
131	109	2
250	210	1
46	130	2
175	8	3
113	132	1
172	33	3
141	97	2
190	177	2
225	99	1
65	102	1
153	278	1
192	73	2
244	61	1
71	245	4
153	52	1
118	15	1
106	162	2
66	102	2
111	176	3
283	291	1
187	138	3
29	133	2
280	2	4
69	189	2
152	241	1
155	1	1
195	118	3
157	59	2
259	107	2
22	269	3
47	143	3
107	145	1
133	122	3
8	254	2
34	51	1
104	148	3
186	298	4
156	127	3
61	74	1
26	133	3
9	245	4
229	285	1
234	184	4
133	207	2
70	99	1
191	283	2
250	71	2
87	98	3
201	245	4
119	299	4
245	239	4
139	223	1
20	79	3
213	216	3
25	149	1
5	90	1
196	235	1
207	48	3
20	38	2
242	124	1
119	119	2
82	30	1
189	177	2
88	260	3
96	11	1
101	250	4
289	95	1
169	229	1
61	268	1
133	39	3
101	253	3
278	274	1
193	113	3
38	33	1
159	110	2
119	185	1
262	130	3
62	236	1
142	102	2
21	185	4
133	180	2
141	189	3
96	177	3
173	72	4
1	122	2
219	129	2
151	56	3
177	229	3
7	132	1
113	23	1
285	69	2
197	173	1
77	107	1
72	125	1
173	154	1
112	217	1
98	92	1
82	55	2
217	58	1
285	156	1
233	232	1
191	198	5
142	274	1
215	247	4
104	208	3
90	116	1
114	193	5
38	126	1
197	10	3
288	12	1
282	134	3
17	209	2
63	131	3
160	39	1
86	207	3
17	49	1
2	68	1
275	264	1
26	123	2
30	122	3
220	95	1
115	200	4
202	295	3
84	64	3
10	116	1
258	122	3
275	52	3
106	77	2
47	285	2
112	151	1
151	254	3
122	96	1
26	181	1
239	233	1
255	70	1
64	220	2
3	289	2
29	182	2
264	79	2
166	109	4
144	189	1
122	155	1
133	104	3
91	32	2
141	208	4
95	90	1
114	287	2
88	229	3
286	208	5
110	271	1
192	284	1
132	288	1
212	216	2
201	175	1
39	153	2
202	4	4
85	79	3
196	282	1
105	177	1
83	130	2
267	69	4
228	53	3
105	31	2
226	99	3
246	32	3
70	166	4
159	38	3
151	168	3
91	39	2
225	91	1
197	65	1
135	54	5
181	263	2
1	186	1
144	265	1
225	211	1
179	186	3
27	244	1
136	74	3
11	98	4
175	136	3
272	0	4
241	41	2
245	95	4
1	107	4
82	110	1
129	157	1
250	142	1
240	144	4
143	62	3
177	186	1
170	290	3
288	179	1
63	216	4
179	285	5
59	57	1
8	61	1
276	284	1
131	147	2
33	75	1
194	282	2
32	191	3
178	200	1
38	244	3
182	94	1
10	141	1
138	58	1
131	10	5
194	150	3
158	204	1
95	38	1
283	108	4
279	12	3
86	258	1
283	265	1
260	178	2
30	19	3
275	10	3
192	245	1
220	257	1
263	83	2
27	163	1
273	15	1
265	0	3
267	101	3
1	189	2
189	46	4
263	265	3
132	198	1
88	70	1
34	198	3
57	185	3
48	150	1
72	45	1
203	13	3
209	200	4
67	152	1
127	78	4
161	26	2
237	149	1
172	4	1
147	157	1
144	247	1
155	55	2
62	142	1
50	146	1
174	117	2
52	240	1
81	123	1
45	226	3
81	240	1
193	150	1
135	77	1
71	286	1
201	294	3
129	3	4
148	29	1
216	275	1
70	91	1
138	41	1
33	295	2
180	110	3
102	255	1
286	188	4
201	267	4
29	3	3
84	219	3
15	93	1
174	118	3
66	177	3
262	94	3
218	299	4
93	285	1
264	241	3
284	68	3
224	86	3
90	188	4
140	47	3
142	221	1
42	280	1
223	261	1
59	148	1
240	276	1
76	224	3
60	205	2
21	231	4
186	14	2
233	166	1
247	96	4
32	244	1
29	113	1
46	273	3
49	183	3
208	161	3
50	252	4
252	228	2
55	90	1
132	166	1
5	11	1
171	188	4
252	285	2
169	238	1
276	208	1
289	143	3
19	166	4
281	108	2
204	72	2
94	0	1
158	248	1
144	210	1
52	194	2
28	42	1
121	48	1
237	240	3
159	197	4
142	228	1
236	297	3
242	283	2
204	270	1
24	170	2
99	71	3
138	77	1
226	278	3
20	182	3
247	142	3
28	291	1
107	236	1
142	267	1
83	265	4
198	127	4
155	159	1
46	59	2
137	238	1
36	14	1
29	4	2
249	209	2
152	96	1
276	99	3
264	292	4
215	64	4
199	117	3
258	46	3
71	120	5
52	250	1
31	277	2
227	20	3
19	90	1
17	205	3
57	49	2
9	179	2
175	18	3
241	44	2
38	159	3
143	60	3
130	269	2
137	288	1
156	220	3
29	213	5
90	19	1
105	4	4
13	114	3
18	175	4
73	283	1
226	54	2
214	134	5
257	235	1
65	208	3
200	106	2
284	297	1
88	133	1
33	60	4
152	99	2
146	128	1
49	250	4
45	116	1
265	288	3
63	214	4
115	23	3
196	298	1
280	121	2
286	68	4
78	291	1
249	113	1
10	246	2
231	215	1
53	208	2
113	111	1
166	69	2
261	148	2
263	248	3
132	217	1
218	120	4
20	208	2
193	236	1
126	78	3
93	83	3
1	128	1
6	263	3
95	225	3
34	298	2
56	10	2
57	8	1
2	270	1
237	262	1
184	141	2
164	248	4
259	198	1
59	178	1
235	85	2
22	48	4
73	23	1
103	226	1
254	169	1
221	140	2
196	25	1
124	206	3
241	89	1
70	102	4
217	99	1
77	262	4
211	163	1
138	102	1
98	174	1
117	167	4
147	183	1
247	280	4
68	251	2
191	252	3
70	225	3
187	169	2
61	263	1
8	27	1
158	239	2
50	155	3
124	97	2
102	63	1
218	203	4
49	70	1
155	75	2
126	262	5
34	49	1
243	236	1
214	17	2
33	51	2
153	127	4
171	180	3
20	70	1
209	34	4
29	6	1
98	86	1
25	31	1
28	251	1
184	143	4
173	155	1
119	44	1
159	174	3
19	291	3
52	103	1
17	266	3
95	289	1
49	261	4
40	62	3
275	269	3
9	181	1
122	40	1
279	183	1
49	238	4
13	134	4
271	130	2
196	13	2
56	266	4
213	28	3
186	55	3
40	55	2
230	39	1
279	266	1
285	96	4
56	28	4
94	162	1
159	42	2
159	82	3
266	43	3
158	193	4
199	11	2
119	236	3
267	133	4
111	281	1
200	93	3
41	269	3
154	82	3
108	8	1
228	230	1
118	84	1
88	269	2
40	268	4
85	170	3
20	196	1
124	94	1
248	52	1
130	109	2
203	267	1
83	159	4
191	179	3
140	299	1
286	56	4
271	2	4
17	81	1
240	182	1
280	297	1
197	189	2
19	287	2
107	197	1
44	97	1
222	117	4
9	46	1
271	36	4
124	203	3
288	149	1
233	266	1
158	199	4
202	132	3
87	121	3
176	136	5
4	173	5
174	224	2
49	233	4
167	116	1
80	129	1
31	133	1
159	5	3
18	92	3
101	2	4
254	245	2
75	75	2
240	49	4
135	121	4
177	2	5
52	147	3
4	57	3
89	127	3
206	35	1
39	266	5
179	33	3
34	292	3
22	112	5
223	256	3
284	117	1
78	236	4
134	147	4
149	266	1
285	168	3
11	167	2
171	200	4
265	254	4
140	274	1
274	255	1
44	107	1
58	274	1
287	151	1
245	282	4
211	172	1
60	66	4
183	286	1
89	79	1
101	108	4
92	165	3
55	59	1
131	285	3
261	112	3
268	173	5
96	95	1
235	152	1
103	106	4
27	171	2
219	218	1
234	192	3
135	45	2
238	11	3
249	68	3
243	245	1
239	197	1
98	218	3
66	240	3
180	91	3
145	95	4
214	235	3
248	157	1
160	23	1
289	13	1
105	126	3
248	299	1
237	218	2
50	188	5
159	11	2
121	57	1
287	277	1
148	266	1
132	8	1
68	15	1
189	175	1
243	183	1
139	99	4
35	128	1
125	196	4
214	184	1
159	284	4
30	58	1
232	247	2
208	244	3
185	268	1
253	176	1
148	234	1
81	263	3
238	35	4
77	136	1
208	288	4
233	131	3
91	176	1
189	87	4
183	22	1
4	126	3
287	33	3
263	236	4
172	117	3
226	161	4
249	94	1
164	101	3
137	114	3
125	200	3
237	3	4
181	10	2
43	203	3
22	135	3
105	236	3
45	201	1
238	190	2
272	287	3
143	114	3
175	158	1
54	187	3
107	238	2
71	135	2
9	203	4
10	149	1
173	59	3
188	110	1
203	135	1
201	70	1
220	26	1
281	72	1
198	242	3
51	223	4
246	213	1
134	119	1
145	201	1
275	208	3
13	251	2
94	205	2
199	67	4
156	175	3
114	104	2
286	100	4
67	105	1
67	164	1
118	214	1
217	98	4
43	114	3
163	261	4
286	126	5
236	182	4
238	255	2
187	60	2
67	180	1
174	9	2
127	206	3
69	53	1
64	190	1
1	219	1
43	247	2
101	73	4
234	42	3
151	186	4
265	207	3
256	19	4
167	85	3
221	125	2
250	154	1
92	284	1
152	275	1
153	244	1
117	113	1
238	228	2
123	193	4
285	135	1
172	9	2
13	155	2
244	244	1
101	165	4
256	22	2
46	105	2
263	27	5
201	136	3
284	181	2
267	39	2
198	87	3
90	165	1
246	256	1
76	231	3
141	224	4
122	17	2
146	84	3
7	203	2
120	97	1
63	241	1
222	197	4
209	149	4
136	287	5
32	64	1
207	32	4
79	286	4
5	218	4
251	111	2
184	38	2
115	146	4
134	219	3
238	54	3
214	186	3
199	163	3
136	297	5
186	259	1
212	158	4
162	253	1
32	284	1
258	74	2
218	117	3
69	28	1
10	247	4
138	43	1
281	1	1
233	15	1
216	9	2
53	282	1
132	290	1
126	95	5
228	150	1
110	248	2
224	41	3
92	124	1
191	136	4
221	124	2
278	37	1
153	29	1
12	142	2
4	42	3
76	166	1
106	91	5
115	1	3
32	95	1
236	87	5
75	110	1
256	239	1
38	183	3
23	287	2
163	77	1
190	11	2
16	72	1
260	37	1
29	273	4
183	186	1
115	20	3
261	182	1
230	1	1
9	183	3
37	289	1
267	169	3
21	298	4
64	281	3
78	84	1
189	281	2
272	18	3
77	42	1
195	90	3
61	271	1
168	177	3
192	243	1
18	63	3
148	113	2
100	214	1
94	224	1
194	276	2
137	129	1
273	197	1
229	114	3
257	14	2
223	131	2
19	70	1
198	204	3
29	192	1
74	32	1
285	200	3
5	10	2
138	230	1
167	248	1
86	97	1
124	91	1
279	260	1
179	41	1
147	37	1
129	137	3
288	240	1
215	244	3
233	252	3
210	190	4
227	185	4
77	225	1
214	166	4
124	100	1
66	4	2
174	141	2
73	90	4
226	288	2
182	186	2
254	229	1
126	224	4
229	167	1
63	133	2
248	101	2
216	57	3
74	287	1
169	257	1
223	31	2
137	246	1
81	4	3
88	59	1
287	114	4
79	13	5
280	278	1
18	102	4
103	188	2
271	282	1
192	134	2
135	185	3
233	169	1
76	138	4
194	251	3
86	74	2
5	144	2
187	42	1
112	298	2
266	164	3
238	89	3
221	65	2
156	166	3
83	50	2
279	23	1
214	271	3
25	237	5
45	189	1
254	263	2
125	5	1
198	246	2
236	15	5
286	175	5
229	95	1
161	187	2
58	92	2
236	201	4
171	53	5
168	291	3
278	21	1
48	159	1
252	39	1
169	83	2
45	212	2
172	97	4
272	53	2
188	279	1
236	101	5
282	158	4
134	284	1
221	71	3
208	204	1
82	224	1
155	29	1
65	115	1
43	55	2
281	291	1
163	264	4
119	170	4
3	81	1
106	76	3
208	75	3
61	81	1
240	127	4
111	292	2
79	15	3
260	42	1
122	67	2
57	119	1
271	1	4
282	126	3
108	284	1
73	199	4
64	271	2
255	86	2
83	110	2
55	43	1
76	215	5
183	27	2
220	265	1
116	81	3
273	221	1
10	238	3
198	22	2
70	56	1
127	144	3
200	48	3
142	8	3
219	107	3
3	149	1
215	285	2
73	107	4
123	47	1
236	46	5
82	118	3
29	283	2
228	197	1
33	63	2
172	186	1
118	81	1
50	61	1
226	192	3
84	188	3
106	97	1
5	249	4
262	59	3
238	23	3
239	130	3
278	93	2
30	209	3
162	269	1
145	147	3
53	275	1
33	217	3
48	19	1
170	251	1
147	145	1
155	177	3
111	39	1
92	278	2
120	126	1
206	21	3
165	132	1
246	68	1
92	246	4
186	54	2
75	67	1
204	256	1
64	121	1
153	80	4
231	217	2
71	115	5
179	182	5
286	243	5
60	81	1
71	220	1
132	284	1
139	180	1
156	74	4
185	36	4
89	299	4
4	284	1
139	53	2
105	196	1
229	90	3
114	273	4
135	113	3
42	291	2
227	34	3
189	68	3
162	227	1
223	21	4
144	93	1
41	111	1
60	177	4
249	55	4
6	243	2
157	121	4
212	116	2
42	91	1
42	225	1
109	90	4
48	298	2
268	237	5
75	160	2
233	93	1
189	65	4
108	182	1
25	157	2
31	66	1
129	280	1
231	291	2
23	113	1
129	6	2
93	299	2
217	32	1
72	15	1
42	207	4
50	62	1
35	182	3
90	84	1
134	20	2
261	75	1
275	73	2
279	105	1
55	243	4
260	8	1
260	202	1
252	256	1
176	177	1
126	225	3
218	192	3
73	82	1
147	50	2
95	118	1
174	146	2
16	151	1
170	142	2
144	274	1
106	81	2
61	228	1
226	1	4
222	227	4
243	83	1
266	246	3
235	211	1
240	104	3
80	185	2
278	193	1
103	253	3
210	120	3
273	205	1
201	63	1
126	181	5
200	180	2
30	23	1
141	104	3
129	284	1
74	243	4
69	210	2
272	282	4
6	247	3
277	191	5
214	185	5
163	209	1
89	159	3
237	152	4
121	240	1
257	239	1
266	29	1
243	256	1
40	163	4
164	198	4
48	14	4
208	133	2
260	18	2
190	266	1
285	280	4
152	98	5
101	196	3
272	129	4
129	272	1
81	155	2
142	254	1
92	37	1
266	63	4
286	29	3
181	283	2
283	243	1
13	54	3
32	125	1
102	203	2
18	22	3
194	98	4
284	139	2
246	120	4
233	32	1
116	137	4
268	196	5
274	210	4
283	96	4
150	30	1
42	38	1
37	181	1
30	133	3
284	111	2
179	247	4
205	20	3
73	195	1
184	275	3
269	54	3
47	53	3
0	128	3
199	264	3
225	159	1
221	216	1
163	122	1
172	233	1
146	155	1
163	251	3
234	56	1
72	35	1
247	216	4
111	228	3
112	191	3
0	127	4
208	233	2
74	83	1
1	164	2
270	261	1
191	156	5
136	178	3
245	279	3
72	174	1
264	177	4
84	104	3
241	246	1
137	70	1
283	78	3
190	272	3
163	104	1
122	137	1
242	272	4
110	98	1
89	276	1
56	213	4
243	219	1
88	110	1
184	151	2
40	227	5
259	219	1
280	53	1
59	284	1
