209	20	3
207	143	3
206	106	1
84	272	3
250	119	1
25	47	1
112	226	1
143	97	4
196	58	1
210	121	4
28	246	2
180	104	5
113	234	5
62	191	3
53	12	2
218	106	3
61	103	1
201	10	3
119	270	2
118	30	1
207	243	4
25	239	1
179	131	2
99	188	3
132	97	2
152	78	2
167	46	5
258	175	1
126	18	4
42	190	1
253	152	1
166	49	3
218	14	3
204	30	1
169	104	2
192	20	1
15	194	2
125	187	4
147	32	1
199	146	3
260	118	1
184	137	3
66	236	5
74	156	1
52	256	4
189	34	3
233	106	2
32	249	3
81	77	3
155	102	3
123	211	1
210	84	2
48	266	1
129	144	1
108	295	3
92	238	1
76	147	2
68	249	4
14	278	3
170	55	1
162	19	4
136	134	3
41	161	3
238	181	2
187	49	3
143	78	5
205	181	1
65	229	1
269	63	2
209	104	4
282	90	4
9	178	1
190	108	3
51	193	5
168	117	2
55	244	2
234	120	3
126	0	3
208	114	4
159	33	2
218	247	5
96	192	2
175	100	1
68	250	4
29	274	2
136	144	2
150	84	3
219	82	1
88	101	1
228	27	1
158	260	2
156	109	2
2	228	1
213	71	4
145	0	5
274	36	3
70	299	5
157	197	4
239	117	2
170	17	1
99	214	4
33	277	2
257	82	3
118	230	1
150	33	4
288	91	1
171	106	3
278	9	3
110	231	5
285	77	3
142	146	3
65	203	1
260	71	1
235	106	1
71	74	1
31	167	3
214	103	4
139	73	3
251	78	4
181	58	5
14	251	2
35	235	4
283	139	3
189	137	4
77	193	3
52	276	4
250	79	4
120	254	1
224	27	2
277	62	5
79	288	4
78	293	1
69	292	5
286	200	5
227	96	4
253	238	1
246	30	2
268	139	2
101	162	3
173	201	1
40	184	3
287	114	4
64	284	1
134	137	3
284	150	4
154	221	3
263	47	2
138	104	1
215	67	5
86	262	5
130	115	2
195	98	3
278	92	2
19	167	2
153	16	4
240	38	4
212	123	3
165	90	4
82	226	2
150	116	3
275	30	1
184	107	4
132	120	5
113	217	1
114	181	2
32	248	4
211	251	1
252	215	1
264	81	3
225	97	1
256	67	3
60	290	2
107	242	1
130	121	3
42	288	5
81	218	4
196	39	1
70	249	4
161	168	4
57	245	3
69	256	1
128	139	1
92	227	3
178	273	1
137	149	4
154	210	4
93	284	1
43	235	3
17	272	4
172	88	2
137	71	2
95	8	1
193	55	3
100	186	1
79	252	5
20	72	2
73	182	2
229	7	3
183	69	3
127	281	2
243	7	3
221	105	3
88	152	4
195	86	1
207	97	3
288	32	1
189	25	2
21	67	3
116	193	5
44	253	2
176	149	1
250	96	1
95	233	3
219	93	1
240	47	3
176	91	3
30	247	4
27	68	3
222	108	5
0	251	5
75	150	2
100	150	1
263	81	2
93	6	2
246	50	1
18	194	4
157	266	4
115	138	5
135	282	4
126	105	5
185	128	1
259	130	1
73	232	1
109	266	3
18	176	2
251	52	3
42	267	4
275	29	1
234	85	3
272	113	3
128	18	3
249	128	3
101	112	4
180	78	3
2	240	5
91	164	3
173	73	5
244	162	1
81	249	5
153	222	1
125	232	1
120	247	4
211	78	3
248	79	3
275	92	4
256	49	4
286	97	5
156	140	2
117	24	2
268	46	5
105	143	4
199	24	3
215	133	3
240	59	5
35	250	1
92	230	1
84	202	1
248	4	2
241	61	2
101	2	4
135	112	4
258	247	1
208	10	2
105	296	4
22	252	5
146	32	2
242	133	3
286	143	3
234	86	2
236	0	5
29	247	1
66	275	4
142	134	2
152	127	2
168	200	4
31	265	4
100	170	1
63	218	5
164	80	4
210	116	4
151	99	2
49	200	3
216	79	3
262	99	3
227	129	4
123	155	1
235	71	2
59	270	1
74	259	1
221	93	4
204	50	3
283	133	4
209	86	3
161	27	1
154	280	3
43	249	2
103	266	5
19	227	2
48	279	3
54	217	4
44	246	2
198	97	3
184	237	2
131	83	2
215	100	3
134	121	4
269	85	1
12	273	2
79	276	3
193	15	3
176	90	1
276	171	1
41	224	5
158	100	2
210	89	2
242	12	1
253	53	1
280	143	1
63	220	3
30	152	2
112	195	3
211	27	1
160	91	1
29	275	4
176	141	2
29	172	3
15	264	1
71	145	1
35	236	5
219	118	5
202	8	4
75	247	3
193	129	4
179	49	5
274	80	5
94	15	1
101	212	4
74	255	1
53	84	2
154	42	3
2	222	1
3	180	1
126	280	4
62	252	5
128	74	4
274	0	4
66	174	4
198	274	2
229	98	1
110	207	3
143	51	4
81	167	2
85	149	4
114	230	1
172	87	1
187	97	2
131	8	3
245	98	4
45	189	1
267	144	5
53	225	4
78	284	1
270	137	3
253	25	1
117	213	5
245	81	3
1	247	3
166	0	2
270	297	3
96	106	3
104	25	1
167	35	1
261	40	3
223	110	2
23	202	1
251	43	4
225	141	5
40	248	2
230	104	2
136	102	3
157	95	2
93	52	1
180	80	4
73	280	1
44	226	1
68	246	4
183	13	4
182	111	1
79	232	4
17	204	2
183	19	4
218	77	3
59	273	5
213	11	5
278	82	2
284	116	4
130	138	3
17	235	2
234	265	3
281	96	4
134	71	4
97	195	1
112	223	3
195	42	2
158	299	2
16	280	3
90	268	1
80	227	2
213	27	2
221	256	1
193	125	3
260	74	2
137	122	3
226	298	2
34	235	5
172	164	1
177	48	3
175	98	5
117	0	4
57	191	2
271	56	1
194	84	2
163	90	4
20	145	1
109	203	2
280	97	1
98	256	1
3	114	4
162	0	3
26	242	2
110	256	5
194	147	4
232	95	2
260	120	4
15	240	1
31	289	1
18	237	2
10	287	4
277	166	5
110	261	4
269	55	2
284	130	3
116	273	3
123	262	5
39	279	5
259	298	1
69	197	1
39	255	1
223	126	3
172	133	3
212	141	4
206	62	4
233	286	1
223	27	2
109	242	4
93	188	3
257	68	5
221	120	5
155	147	4
115	250	2
162	182	1
69	177	1
84	246	3
253	147	3
180	103	4
237	84	5
73	18	4
124	161	3
263	136	5
206	96	3
187	105	2
189	123	2
182	101	3
178	160	1
23	249	3
231	94	1
163	25	1
186	98	3
202	132	3
0	259	3
8	159	2
250	144	1
225	41	1
34	280	2
111	291	2
55	174	2
135	84	3
193	146	4
17	230	3
96	233	5
215	146	1
213	74	3
8	174	1
276	87	4
269	123	2
123	213	5
91	139	1
58	233	1
92	224	1
94	170	4
144	77	4
20	16	1
43	272	3
75	296	4
212	149	2
99	203	4
151	131	3
210	108	2
158	0	4
227	107	5
260	119	1
70	252	5
33	256	4
284	162	2
22	249	4
130	78	3
78	187	3
25	189	3
245	104	4
134	90	3
288	118	4
87	178	3
287	100	1
227	126	3
86	132	1
219	10	4
257	7	2
108	228	1
259	10	2
2	165	3
223	115	4
223	220	3
4	246	5
150	79	2
29	154	3
136	188	5
229	61	1
280	145	1
157	238	2
260	46	1
134	97	2
139	238	2
289	80	4
261	134	4
137	19	2
247	0	5
84	229	3
40	278	2
29	233	5
135	36	3
175	103	3
201	80	2
163	155	3
234	99	4
248	130	1
190	103	4
69	30	1
133	98	3
17	153	3
91	273	1
131	14	1
251	138	5
120	189	1
156	97	3
229	87	4
33	291	3
204	101	3
17	151	1
168	141	1
55	201	1
280	36	1
201	73	1
80	286	1
87	284	4
158	107	4
97	227	2
61	213	4
262	91	3
96	262	5
12	119	3
196	3	4
219	100	1
74	270	1
142	133	2
219	142	5
160	137	1
102	122	2
208	61	1
205	121	4
38	263	3
270	87	1
222	141	4
56	120	4
117	19	4
83	123	1
202	79	3
243	133	3
192	174	1
21	254	3
167	92	4
56	233	1
273	32	1
76	270	1
152	58	1
101	187	4
158	162	3
210	111	2
51	153	3
205	211	1
206	79	3
118	236	3
98	290	3
208	54	4
26	63	5
112	268	2
90	150	2
218	79	1
35	61	1
166	224	1
277	80	5
159	99	3
10	262	3
247	1	3
129	56	2
70	109	1
212	94	2
189	37	2
176	0	3
178	42	4
180	72	3
99	164	4
18	297	5
22	69	3
15	121	2
212	99	2
87	241	3
149	36	3
26	4	3
6	222	1
122	215	1
31	223	4
95	223	3
31	249	3
60	67	4
72	178	1
80	254	4
217	136	1
106	273	4
243	96	2
281	84	5
145	110	2
75	252	4
48	57	1
175	32	1
158	99	3
170	96	1
82	274	2
83	165	2
174	99	2
155	141	2
216	144	1
148	96	3
217	42	1
2	176	2
238	71	4
51	247	5
135	82	1
242	20	2
148	42	5
68	253	4
143	80	4
166	149	5
142	280	1
151	80	4
229	97	2
218	117	3
35	233	2
155	145	2
118	276	1
124	243	5
192	35	1
171	101	3
130	58	2
129	99	3
158	109	3
100	142	1
123	287	3
239	118	4
165	251	2
2	138	1
145	212	3
205	170	1
244	99	2
81	165	4
237	192	5
53	254	4
214	5	3
155	108	1
49	298	3
171	84	4
139	52	2
171	219	2
221	88	3
267	74	4
149	231	1
282	118	5
147	49	2
119	66	2
52	292	4
68	144	3
150	136	5
167	149	2
127	264	4
76	155	1
26	130	2
112	265	1
181	148	2
151	137	3
43	257	2
158	110	1
51	226	1
105	277	3
38	224	4
124	261	1
226	71	4
57	244	5
270	149	1
242	17	2
14	255	3
102	229	2
143	79	2
81	199	4
178	208	1
232	8	3
74	212	3
149	68	3
216	1	3
157	128	3
279	36	3
138	32	1
63	263	5
247	108	4
223	106	4
86	252	4
272	219	4
264	103	5
245	146	4
55	255	1
64	179	1
209	137	4
254	12	2
128	24	4
109	35	3
240	99	4
13	5	1
257	108	2
273	137	1
45	161	3
113	284	1
68	251	2
151	0	4
111	263	3
69	291	2
242	6	1
150	121	4
61	249	3
22	198	2
20	179	5
100	209	1
103	252	4
48	235	1
54	285	2
187	59	2
194	148	3
35	248	2
20	183	1
64	289	1
173	57	2
168	90	5
276	118	2
178	261	1
10	105	1
177	32	1
62	286	1
186	224	2
139	98	3
289	27	2
225	0	5
77	279	5
57	278	5
251	49	3
12	227	3
41	232	3
19	273	2
58	250	1
3	226	1
121	72	1
115	246	3
142	224	1
206	100	2
170	2	4
234	118	2
88	147	1
281	118	1
213	2	3
24	238	4
158	108	2
113	209	1
124	254	4
244	92	2
135	78	5
245	103	4
210	81	1
96	247	3
180	107	4
268	49	4
272	206	4
142	116	4
229	0	4
97	260	1
159	84	2
275	129	4
238	218	3
253	231	1
198	74	2
22	253	3
72	239	1
97	95	1
215	74	2
58	120	3
67	252	5
186	101	3
26	152	4
134	91	3
210	120	3
97	231	1
99	275	2
185	27	1
59	82	1
22	262	4
81	238	3
118	241	1
225	245	1
68	198	4
282	10	3
14	253	1
127	290	2
62	204	3
40	172	3
166	119	2
225	54	5
217	108	1
260	32	1
74	167	1
190	129	5
80	233	1
209	26	4
21	255	4
23	150	1
160	4	3
280	98	1
7	274	1
188	110	1
1	220	3
180	89	4
45	200	4
83	166	3
34	263	3
61	265	2
45	191	4
59	159	1
56	101	4
146	68	1
245	101	4
68	244	5
243	37	2
188	80	4
63	143	3
193	3	3
193	96	3
261	99	4
146	42	1
57	173	5
104	79	1
63	244	1
197	124	1
205	5	1
169	49	2
85	161	2
7	166	1
166	97	4
200	21	3
227	84	4
141	97	2
6	237	1
32	203	1
66	265	2
119	246	4
258	235	1
106	192	3
221	83	3
284	68	3
83	233	3
171	93	4
224	122	4
87	199	3
133	136	3
107	258	1
49	238	4
165	140	3
179	86	4
14	293	3
25	171	2
257	117	4
146	99	1
171	97	3
14	205	2
248	149	1
220	136	3
105	224	1
91	149	1
268	71	5
204	48	3
123	224	2
185	108	1
159	101	3
259	137	3
126	97	4
247	97	4
30	253	5
141	67	4
91	99	4
88	58	1
274	64	2
173	102	4
128	149	1
184	116	2
14	198	3
177	35	1
85	239	1
277	265	5
51	224	3
228	0	5
14	260	2
45	246	2
2	248	2
159	96	2
252	120	3
85	248	1
179	120	4
120	257	1
161	182	2
24	262	3
232	27	2
282	63	3
15	246	1
163	157	3
13	30	3
236	249	4
75	237	5
215	131	1
4	284	1
33	236	2
25	242	3
275	136	4
164	103	5
62	181	1
22	154	2
280	132	1
119	183	1
268	12	3
36	294	5
270	110	1
266	144	4
76	7	1
280	46	1
236	251	4
151	149	3
49	198	5
79	246	3
265	49	5
67	168	2
9	251	5
251	146	4
233	53	2
47	72	4
271	0	3
235	85	2
271	86	3
257	138	4
35	253	4
263	291	2
0	273	3
142	67	4
285	132	2
10	147	1
173	99	5
201	35	1
20	241	4
262	118	4
253	290	3
1	84	1
273	287	1
70	260	4
80	249	3
256	244	1
97	252	4
39	238	2
40	286	4
36	291	5
265	78	3
26	252	5
217	92	1
257	43	1
234	105	2
259	97	1
214	84	3
248	25	1
52	241	1
245	115	4
159	61	2
142	83	4
158	97	1
162	124	1
89	290	3
31	50	2
203	142	3
263	67	3
33	289	1
184	144	3
49	186	2
90	239	2
28	188	2
278	115	2
55	269	3
262	142	4
59	207	1
193	126	5
5	244	2
263	141	5
244	149	5
116	153	5
190	101	5
159	75	3
202	146	5
117	8	2
211	178	3
76	52	2
33	244	1
284	185	2
46	157	3
203	149	2
98	191	5
63	253	4
286	244	4
273	58	1
210	114	5
2	185	2
178	125	5
272	212	4
114	270	1
289	67	2
94	178	1
287	145	1
102	256	2
29	237	1
20	206	1
3	219	2
93	268	3
20	280	3
110	259	5
254	99	2
194	123	1
0	247	4
67	250	3
164	240	3
229	106	1
205	11	2
156	99	3
16	263	3
167	90	2
114	274	2
63	1	1
169	33	1
29	273	4
38	235	3
261	4	2
227	97	1
164	108	2
139	77	2
189	122	3
265	100	3
151	84	4
243	98	2
136	114	4
160	125	1
94	293	2
56	184	2
238	264	3
198	125	2
174	133	4
128	210	3
90	167	1
125	284	1
147	35	2
153	107	4
201	7	1
278	95	2
170	81	1
25	71	1
73	254	3
179	80	4
152	100	1
72	129	1
131	59	1
80	224	5
52	297	5
182	38	4
178	83	4
89	90	2
99	211	2
251	245	2
87	186	1
258	64	3
2	155	3
272	135	2
38	233	4
72	295	3
262	90	4
158	86	1
50	230	1
241	123	3
4	110	2
23	189	4
182	100	1
45	135	1
51	120	5
61	234	1
104	273	2
262	137	3
52	229	5
203	98	4
128	98	4
161	7	3
178	0	4
275	103	3
56	167	2
62	175	1
253	84	3
172	292	1
126	283	5
26	285	2
282	137	3
10	249	5
86	250	4
49	215	4
180	281	2
247	121	3
1	292	1
37	295	2
91	247	3
32	202	1
219	75	5
194	139	2
243	136	5
121	252	2
229	121	3
117	229	3
176	98	2
165	187	2
7	193	2
159	68	3
137	91	1
128	12	2
57	190	4
44	174	5
14	159	1
10	229	3
280	75	1
230	120	4
7	289	2
247	283	3
46	227	3
10	264	2
20	159	1
94	249	3
126	101	4
46	246	3
226	104	3
161	134	2
275	122	3
85	125	1
17	177	3
232	89	1
89	250	2
139	123	4
9	205	4
61	280	1
53	92	2
116	260	3
281	111	2
271	131	2
277	22	3
137	66	1
147	76	2
34	272	2
138	75	1
104	282	1
189	101	4
246	133	4
213	148	3
90	224	4
279	9	2
286	108	4
197	70	2
216	113	3
236	78	4
186	126	2
203	84	1
150	89	3
253	21	3
80	287	2
27	182	2
81	160	3
44	22	3
28	239	1
250	180	1
250	111	1
271	237	1
258	2	4
220	100	1
132	4	5
229	156	1
19	264	2
253	184	1
216	27	1
126	262	5
167	57	3
32	254	1
207	42	4
44	80	1
137	33	2
206	102	3
194	86	1
207	105	3
68	247	3
95	288	5
92	34	1
55	252	4
261	49	4
90	272	2
54	195	4
117	236	3
118	250	3
130	133	5
252	135	2
146	10	3
84	174	4
104	251	4
82	252	3
13	7	3
183	63	5
182	153	2
108	297	1
234	145	2
22	113	3
283	58	2
55	19	1
0	188	3
193	119	4
151	98	3
141	53	3
164	144	2
147	90	2
97	14	1
115	214	3
55	182	5
275	146	4
92	237	1
65	196	3
104	67	3
68	83	2
168	149	1
139	13	3
244	49	2
273	46	1
38	283	3
114	169	3
23	250	1
36	207	1
119	249	2
84	258	1
230	268	1
186	59	2
282	163	3
69	251	5
141	102	4
28	216	1
217	106	1
94	290	1
218	89	4
256	56	2
208	1	1
54	159	4
262	134	3
46	284	2
6	256	1
268	85	3
160	29	1
164	74	3
140	49	4
246	68	1
190	139	2
224	94	3
104	138	2
140	25	2
113	291	3
145	99	4
42	272	1
57	226	2
244	142	2
68	259	3
269	87	1
271	67	4
248	81	1
19	98	1
120	297	5
128	144	4
185	102	3
37	154	1
252	0	2
162	102	2
15	199	5
84	233	4
265	92	2
38	232	3
146	46	3
65	295	4
221	110	2
148	135	2
246	134	3
234	113	4
238	17	2
82	298	2
193	13	2
207	147	4
252	95	1
149	133	3
84	190	2
240	50	4
168	121	2
73	266	1
179	102	5
56	0	3
87	278	2
51	155	5
71	295	5
114	204	1
167	100	1
152	102	1
228	78	3
171	122	3
178	100	3
111	242	3
237	101	2
203	102	4
53	278	1
80	294	2
171	164	4
164	234	4
136	79	1
199	5	3
38	35	1
39	291	4
46	268	3
34	286	2
81	250	1
104	248	2
11	251	4
248	103	1
201	14	1
205	240	1
81	151	4
12	193	4
195	79	3
163	107	5
266	23	1
82	244	3
65	186	3
283	126	4
142	34	2
249	110	2
41	262	1
173	147	5
237	105	3
277	2	5
60	26	2
279	149	1
149	99	3
41	164	3
149	97	1
249	13	3
109	143	4
200	35	2
263	55	2
6	253	2
33	170	2
181	97	2
208	74	2
116	89	3
242	54	2
40	155	4
257	80	5
46	168	2
146	6	1
111	256	3
206	138	4
229	142	4
36	253	2
95	2	1
138	137	1
174	96	2
227	79	2
109	213	5
0	246	2
240	0	4
288	0	4
11	226	2
60	292	2
241	52	1
246	92	3
174	97	1
107	247	3
89	21	3
174	19	2
283	88	3
67	195	1
13	138	5
212	33	3
222	86	4
153	210	1
229	99	3
127	238	3
153	248	1
85	184	2
112	233	5
71	13	2
189	90	3
234	146	2
6	251	2
55	260	4
195	84	4
127	55	3
40	243	3
238	159	3
193	144	3
123	256	3
154	0	3
53	158	2
36	250	1
53	219	1
100	268	3
137	0	3
200	102	3
22	230	4
82	250	5
56	297	5
224	70	3
232	100	3
189	9	3
89	133	3
145	21	1
163	294	2
191	263	3
88	297	5
92	13	1
249	99	3
226	132	5
269	189	1
222	84	4
44	191	5
57	133	1
170	1	1
31	210	5
276	91	2
60	34	4
277	172	3
11	249	4
215	122	1
160	34	1
129	103	4
145	9	2
167	133	3
289	25	1
223	75	2
129	146	4
124	195	1
72	257	1
208	142	3
21	244	2
5	254	2
142	90	4
82	242	2
193	171	1
288	40	2
34	184	2
74	203	1
121	290	1
284	226	2
246	47	2
19	298	2
81	248	3
224	125	2
91	178	5
165	134	2
235	87	4
247	110	3
20	48	2
57	205	2
249	129	2
15	292	4
109	123	3
148	139	3
59	216	1
99	268	3
83	256	2
178	67	3
269	132	2
245	85	4
225	262	1
8	210	4
265	103	4
43	294	4
187	99	2
133	99	4
251	12	5
254	103	2
108	267	5
224	60	4
71	197	1
41	281	1
96	239	2
153	203	3
216	128	4
226	246	3
50	131	1
93	233	3
240	97	4
131	102	1
0	298	4
146	102	1
78	258	1
58	71	3
24	237	4
251	59	2
181	94	3
53	110	1
90	230	1
217	25	1
234	21	2
90	229	2
18	171	3
110	257	1
222	102	4
16	185	1
280	14	1
53	259	1
20	35	1
244	184	2
79	182	4
274	173	4
113	222	1
54	161	4
9	290	4
197	66	3
187	106	1
243	156	1
5	246	3
276	94	2
161	0	3
164	206	3
250	131	1
44	239	1
154	134	5
275	76	3
1	201	1
138	91	1
8	201	1
197	101	4
281	147	5
278	49	4
95	255	2
104	186	2
94	204	1
270	83	1
27	294	1
42	192	1
154	224	3
74	229	1
153	235	2
21	237	4
284	236	3
243	248	1
90	212	3
222	111	4
102	228	1
252	147	2
220	224	1
142	80	2
205	198	1
56	155	3
238	156	2
118	255	1
167	61	1
43	250	4
159	283	3
156	98	4
112	221	2
156	64	3
143	0	3
51	253	2
132	102	5
159	58	2
156	208	3
258	124	2
41	168	4
223	86	1
212	107	4
132	90	4
11	229	5
239	131	4
99	220	3
145	119	4
64	228	4
190	85	4
192	119	1
25	185	1
6	282	1
11	246	5
227	86	4
279	133	3
287	78	3
285	82	3
108	227	2
125	182	1
88	223	3
46	299	4
187	110	1
181	27	2
286	258	1
5	251	2
118	239	1
279	68	2
128	27	1
157	122	2
132	99	4
74	155	5
47	283	3
36	206	5
67	247	2
116	224	5
55	213	2
108	187	1
3	263	3
6	202	1
152	141	3
271	125	4
115	145	3
265	91	2
96	246	5
122	190	4
216	120	3
67	226	2
175	99	2
133	97	3
107	267	3
36	208	1
207	137	3
119	164	1
76	12	3
51	200	5
128	115	2
195	99	3
149	61	1
69	263	1
141	57	2
101	206	2
39	280	5
172	100	1
77	298	3
259	39	1
112	241	4
264	72	4
171	99	5
63	157	4
173	74	4
92	257	1
127	260	2
60	124	1
74	41	1
268	103	2
115	59	3
104	140	2
10	248	1
264	61	1
112	214	3
279	126	1
53	226	1
212	103	2
169	105	1
70	146	2
97	79	1
97	241	3
158	104	3
28	292	1
207	72	3
88	217	5
186	37	2
139	255	1
159	23	2
186	66	3
17	213	3
180	113	3
138	85	1
32	199	3
149	137	2
82	167	1
203	138	5
284	123	4
94	219	1
166	253	1
249	58	4
224	88	3
99	156	3
22	220	4
89	155	3
12	183	1
147	48	2
271	27	2
22	250	1
169	171	1
22	298	4
236	69	3
254	148	2
196	91	1
164	281	2
147	4	2
159	142	3
237	25	1
51	254	2
199	87	5
103	184	4
272	264	4
155	159	1
41	287	3
283	10	5
42	171	3
103	227	5
186	134	3
4	230	3
87	279	5
21	155	4
261	120	5
61	266	1
179	98	3
71	159	5
139	100	3
170	26	1
208	57	1
233	46	1
132	58	1
255	98	3
220	89	1
62	246	5
132	101	4
255	79	3
57	209	3
43	288	3
34	252	5
224	66	3
264	123	4
104	227	5
46	126	3
18	23	1
11	258	1
110	254	3
288	100	1
204	133	3
1	46	3
230	49	3
177	63	2
151	60	4
10	246	2
12	298	2
185	120	5
37	228	2
29	145	1
15	163	1
257	0	4
140	120	5
136	93	2
246	117	3
127	294	2
98	264	3
172	98	3
216	101	3
75	202	2
7	225	1
186	47	1
50	105	1
274	133	4
286	144	4
240	139	4
242	112	4
63	125	2
169	25	1
35	259	1
158	103	4
32	288	1
283	38	3
22	123	4
91	259	2
137	80	3
195	87	4
209	107	4
227	145	4
280	10	1
287	144	1
236	248	4
218	96	3
93	195	1
21	228	5
188	131	1
7	222	1
206	144	3
122	295	3
75	225	1
83	298	3
185	146	2
289	282	1
170	30	1
228	131	1
18	154	1
47	290	4
261	48	4
202	134	5
30	252	5
249	103	4
241	21	3
88	212	4
94	159	1
233	85	1
80	269	2
51	189	3
69	295	2
188	126	1
93	248	2
281	95	2
98	295	1
270	104	1
237	102	1
30	249	5
270	89	1
193	90	4
28	293	3
263	68	5
143	102	3
17	242	3
214	42	2
165	7	3
252	97	1
49	155	2
261	9	1
237	132	1
153	54	3
115	253	2
61	254	1
277	205	4
40	259	2
69	212	1
69	247	1
64	268	1
287	102	2
248	62	5
28	290	1
180	112	3
128	49	3
286	183	5
15	232	1
117	282	3
53	25	1
67	208	2
204	110	1
228	133	3
284	20	3
24	258	4
156	22	2
36	272	5
280	137	1
158	125	1
271	23	3
100	141	1
192	134	2
181	101	4
54	230	2
57	160	2
152	31	1
29	208	2
23	156	1
136	112	3
158	115	1
191	299	5
243	223	1
105	294	4
132	32	3
270	99	3
282	75	5
233	181	1
89	81	1
256	97	3
240	26	3
262	133	3
198	1	2
188	129	1
18	175	4
229	136	3
271	102	3
286	145	5
25	240	2
167	130	1
267	101	3
247	77	3
253	105	2
83	234	3
138	87	4
3	186	5
181	106	4
116	253	3
273	75	1
130	0	4
126	252	4
116	229	3
47	152	4
105	226	3
90	203	2
119	281	1
211	102	3
30	295	5
28	242	1
92	290	3
180	96	5
281	77	1
144	82	1
289	78	3
147	120	3
229	120	4
266	49	3
259	242	1
78	254	1
13	31	3
9	228	5
70	251	3
46	165	2
43	269	3
46	81	2
5	243	4
9	26	1
96	256	3
12	297	1
211	144	5
273	99	4
2	272	3
52	236	2
216	76	1
109	41	3
211	115	1
131	109	2
37	274	1
168	171	3
219	86	2
288	10	3
160	86	1
9	248	1
147	142	2
263	146	3
244	120	3
134	226	2
197	95	4
24	242	4
135	129	5
208	97	1
228	103	4
63	250	4
88	231	2
86	231	5
170	112	1
59	198	2
91	167	1
91	229	3
92	228	4
245	288	4
42	262	4
28	298	1
194	121	4
62	233	3
168	148	2
175	21	1
121	223	1
132	10	2
56	217	4
54	196	3
16	159	1
221	5	3
254	54	4
24	230	4
124	190	2
105	281	1
68	72	3
115	263	4
178	98	4
231	138	4
152	105	1
85	164	3
198	99	3
213	77	1
108	268	2
185	275	1
93	167	3
154	267	3
208	129	3
23	233	4
184	119	4
122	297	4
103	259	4
151	112	4
61	175	5
124	203	3
120	288	5
222	253	5
16	158	3
14	219	3
139	103	3
279	234	1
276	113	1
117	100	3
277	235	3
214	109	4
206	123	1
182	97	1
143	59	3
182	36	4
215	79	4
265	109	4
32	239	1
77	263	1
15	217	3
72	236	4
260	38	1
34	236	2
172	141	2
48	251	2
234	125	1
166	109	4
210	82	3
250	122	2
61	268	1
289	115	1
40	254	1
196	149	2
190	97	2
181	129	3
68	254	1
274	131	1
23	218	2
59	288	1
59	168	1
120	281	1
63	188	4
228	138	4
157	6	4
190	123	3
238	266	2
155	96	3
231	36	3
258	266	1
22	288	5
136	99	4
70	247	2
100	297	3
283	32	2
266	86	3
59	286	3
42	250	1
220	20	1
40	235	4
109	142	4
139	11	1
245	99	4
205	130	2
76	64	2
182	82	1
114	279	5
133	113	4
164	248	4
64	200	4
197	96	3
222	74	5
143	148	3
212	138	4
21	233	3
143	68	2
183	141	2
236	98	5
186	0	4
44	233	2
152	16	2
185	104	2
46	249	2
1	275	2
6	144	2
210	94	2
13	238	4
170	8	1
56	276	4
280	63	1
275	134	4
205	290	1
261	142	3
131	31	1
165	131	3
208	9	4
111	150	2
179	99	2
82	184	2
135	89	1
161	30	2
266	27	1
265	4	1
176	99	3
131	99	3
33	226	2
166	88	4
169	113	2
27	217	2
211	137	3
236	182	4
213	271	4
227	0	4
283	24	5
121	278	1
194	80	5
239	122	3
65	286	1
53	28	2
76	165	1
214	65	1
256	120	4
230	100	1
40	271	4
225	96	2
277	186	4
208	101	1
218	292	4
86	187	3
98	229	1
265	96	2
142	261	1
23	246	1
222	100	3
108	17	1
250	121	3
66	155	5
81	267	4
254	96	1
145	100	3
129	102	3
8	203	2
42	244	4
171	85	4
233	289	2
133	71	3
128	141	2
64	263	3
127	225	4
119	248	4
105	244	1
126	96	5
36	292	5
90	200	2
52	294	1
279	118	3
64	150	1
149	102	2
70	253	1
123	201	2
151	82	3
70	243	2
136	96	1
62	168	5
224	102	4
144	131	2
217	129	2
90	193	3
122	216	1
173	0	5
104	259	3
254	24	3
117	18	4
47	156	3
124	151	3
50	54	1
51	249	3
257	143	4
144	108	5
89	218	1
287	0	4
134	29	1
228	148	3
282	36	3
215	129	2
217	99	1
273	68	1
195	96	2
196	82	1
218	82	2
226	105	3
138	83	1
142	7	3
140	88	3
219	71	2
136	101	2
174	134	1
242	34	2
98	250	1
2	244	3
62	224	1
93	223	3
162	96	1
125	202	1
252	136	3
70	228	2
141	148	4
138	90	1
216	6	3
31	291	5
105	275	5
163	96	1
235	88	2
109	278	4
97	237	4
61	291	3
53	176	1
144	84	2
194	99	1
106	150	4
168	123	1
123	153	1
153	274	1
224	100	3
111	250	1
122	201	1
28	237	2
201	108	2
216	7	3
264	86	3
87	263	3
224	144	4
199	8	4
125	292	5
87	258	1
58	285	5
134	98	3
199	23	3
246	49	3
115	256	5
248	61	1
251	135	3
223	272	3
173	159	1
141	106	3
77	255	4
269	13	2
281	131	1
66	279	3
184	55	2
129	97	4
56	49	2
238	235	3
216	3	5
123	292	3
77	252	4
198	139	3
71	216	5
114	171	1
92	232	1
258	215	1
166	22	4
155	87	2
136	29	2
136	146	3
144	147	5
250	118	3
38	259	2
255	121	2
30	217	4
208	99	3
240	30	1
275	31	2
254	51	3
137	143	1
14	256	2
261	119	2
43	273	4
113	228	1
142	43	4
169	28	2
120	290	3
3	201	1
56	268	3
189	80	3
82	150	4
202	21	4
221	38	3
132	141	5
126	242	4
102	253	1
223	233	2
152	26	1
253	46	3
152	74	1
83	221	4
166	142	4
220	267	1
227	81	1
235	107	3
211	100	1
107	224	1
86	258	1
178	27	1
92	292	4
30	214	2
93	288	3
175	16	1
252	113	2
23	252	1
228	253	1
217	39	1
107	231	1
118	252	3
267	0	3
268	50	3
104	23	2
16	175	1
167	101	2
96	269	1
23	238	1
260	75	1
44	130	1
15	270	4
272	117	3
227	143	4
198	144	3
72	233	3
27	81	1
91	297	3
122	164	4
120	252	5
140	121	4
84	214	4
78	184	4
206	97	3
21	292	3
251	209	1
19	150	1
167	118	4
172	80	3
101	247	3
149	149	4
133	148	3
262	77	2
100	159	3
30	256	3
194	120	4
182	0	3
22	150	2
281	79	1
250	125	1
13	166	5
127	241	3
227	142	5
85	197	4
176	275	1
68	248	3
45	229	1
31	281	1
202	102	4
11	76	2
23	296	1
91	206	2
183	92	3
88	167	1
156	38	3
170	138	1
187	0	4
83	214	3
56	299	3
231	141	4
232	18	2
168	146	5
35	237	4
72	58	1
96	172	3
205	118	4
10	247	4
220	184	1
169	80	2
46	199	4
253	137	1
211	139	1
172	72	3
286	99	5
1	253	1
286	4	3
68	260	3
289	50	3
96	257	3
8	247	1
151	105	2
72	162	3
218	78	4
217	138	5
23	159	1
104	20	2
237	66	5
32	247	1
33	260	2
125	65	1
220	105	1
174	9	2
35	229	2
214	99	2
234	259	2
84	267	4
24	284	2
232	76	2
207	144	4
114	283	1
76	48	1
201	96	1
121	193	4
147	99	2
105	165	5
222	125	5
233	59	1
262	79	3
66	194	3
57	218	2
138	39	1
235	121	4
164	66	2
47	170	2
85	271	1
0	72	2
99	163	3
68	154	2
106	246	5
126	249	3
83	164	4
285	96	4
139	43	2
251	123	4
287	103	1
155	109	1
187	134	2
164	4	2
284	191	4
166	98	3
207	45	4
79	74	5
101	192	3
62	273	2
12	203	3
168	256	1
289	64	2
137	111	1
7	262	1
156	92	4
93	249	4
17	299	3
35	244	2
175	10	1
97	251	2
188	125	1
201	140	1
60	256	4
174	32	2
12	11	3
94	213	1
42	226	2
1	217	1
202	96	4
140	131	4
29	175	2
46	226	4
145	38	1
110	243	4
273	4	2
65	211	1
261	290	4
1	285	1
60	28	1
42	174	4
239	120	4
51	187	1
192	142	3
92	283	1
251	77	1
79	253	4
4	102	3
214	122	3
176	142	2
174	130	3
133	186	3
32	167	3
278	136	3
111	127	1
54	155	4
115	280	3
231	92	2
15	298	4
172	101	2
9	146	1
209	28	3
281	146	2
86	224	3
153	167	2
106	242	2
152	22	1
239	133	3
193	134	3
154	282	4
264	56	3
278	133	3
136	145	4
255	123	3
79	217	5
205	258	1
197	19	3
236	246	3
160	108	1
204	130	1
67	229	2
16	226	1
223	111	4
14	237	3
171	251	4
238	160	3
102	66	1
0	220	3
16	228	1
64	159	1
114	249	2
36	257	5
178	96	2
203	148	2
108	250	1
20	211	1
90	82	1
65	183	4
190	142	5
263	140	1
270	292	1
153	105	2
163	236	2
236	247	3
87	289	2
39	166	5
128	86	1
130	129	2
239	149	4
125	167	3
258	151	1
15	191	2
37	284	1
34	254	2
251	54	5
212	95	2
142	25	2
275	1	1
3	270	4
82	253	1
209	96	4
175	30	1
224	101	2
60	284	1
208	149	3
34	248	2
200	99	3
257	118	2
119	160	4
224	97	4
283	57	3
163	293	5
246	139	2
238	59	4
199	30	2
249	11	4
151	114	3
102	283	1
9	209	1
191	116	3
162	25	1
129	59	2
17	261	2
99	256	3
269	74	3
175	81	1
51	58	3
284	37	5
223	77	1
272	243	4
218	94	3
120	208	4
0	269	4
94	247	1
225	137	1
91	282	1
288	99	3
174	154	1
117	189	2
154	158	3
168	120	5
99	251	3
187	86	2
204	88	1
94	285	1
224	0	5
36	271	2
56	223	3
39	292	4
178	207	1
11	256	3
123	170	2
249	73	3
16	231	3
97	18	1
147	130	1
30	279	5
152	146	3
120	258	1
83	257	4
126	224	4
129	125	3
13	150	1
23	295	2
222	105	4
160	119	1
127	169	1
114	262	4
228	86	1
1	70	1
134	112	5
189	86	4
74	264	3
79	264	5
133	49	3
241	43	3
203	82	1
134	102	2
67	264	2
73	264	3
103	171	5
8	253	4
249	1	2
57	267	5
131	97	1
242	105	3
234	77	2
210	100	4
162	99	2
214	100	5
89	187	4
245	105	4
240	172	1
205	4	1
77	239	1
49	259	3
4	99	2
121	150	1
28	226	1
84	243	3
98	36	1
221	80	3
7	268	1
52	260	4
130	87	4
39	281	1
279	143	2
245	109	4
161	98	2
8	250	1
289	21	2
51	167	2
80	298	1
26	250	1
204	24	4
282	9	3
215	142	3
205	230	1
115	217	2
190	96	2
58	288	5
123	234	2
18	216	1
226	267	3
230	98	2
267	194	3
269	102	4
267	96	2
138	79	4
0	234	3
43	291	1
111	199	2
179	139	3
34	276	2
157	249	3
157	163	4
238	254	2
11	250	3
88	108	1
220	49	3
172	121	3
185	97	1
101	178	4
36	65	1
45	159	1
162	58	3
209	85	3
246	26	3
20	160	1
141	124	1
265	19	2
143	285	3
185	43	1
11	259	2
201	85	2
207	68	4
237	100	2
112	296	5
115	193	4
196	80	3
78	249	1
280	4	2
63	184	5
1	296	1
23	163	1
275	26	3
144	119	4
40	249	4
154	143	3
277	52	5
143	160	3
233	68	3
171	142	4
149	142	2
36	266	5
276	90	4
256	71	5
118	260	1
211	98	3
91	212	5
233	42	2
247	92	4
57	167	4
232	87	2
120	283	1
257	19	3
25	160	1
162	100	3
129	49	3
138	118	1
45	193	5
155	78	1
124	245	5
49	187	1
217	34	4
247	76	4
184	101	2
206	73	3
75	244	3
217	24	2
43	153	2
281	0	2
217	48	1
119	250	1
8	109	1
116	227	5
35	227	5
6	247	3
113	223	3
140	96	4
237	143	3
209	83	3
98	237	3
87	183	1
173	43	4
66	278	2
260	27	1
232	4	2
226	181	4
279	19	3
123	253	2
178	44	2
57	227	2
66	233	3
86	285	3
229	49	4
187	118	3
16	220	1
246	78	3
280	48	1
245	94	4
208	5	1
168	134	2
4	180	4
106	235	2
116	263	5
196	113	2
138	130	1
225	147	1
118	33	1
248	8	3
270	141	2
67	125	1
99	263	3
98	291	1
255	140	2
276	109	2
25	237	5
267	97	4
202	135	3
120	206	1
168	143	3
260	134	1
203	147	3
34	241	3
71	212	4
98	217	3
267	1	3
47	267	2
193	59	4
4	252	5
218	72	4
141	86	2
22	239	1
190	88	5
47	265	3
137	37	2
47	18	4
282	142	2
50	64	1
16	227	2
196	138	2
34	201	3
220	142	1
44	187	4
252	158	1
259	98	1
281	93	5
240	101	3
279	40	2
44	268	3
191	102	4
86	237	4
253	101	1
26	290	5
253	50	2
127	228	2
3	202	1
135	0	4
260	8	1
52	240	1
9	253	3
161	143	4
29	294	2
116	250	2
255	24	3
191	100	3
243	97	2
151	95	4
264	40	4
135	108	4
230	111	2
187	71	1
206	114	3
34	238	3
228	71	3
169	119	1
102	226	1
187	146	2
223	107	4
18	287	2
284	72	1
198	98	3
196	51	3
259	49	3
31	222	3
0	235	4
224	98	5
84	175	4
122	271	3
273	134	5
20	168	4
141	63	4
123	254	2
254	133	2
207	141	5
137	131	1
71	102	1
276	127	3
249	0	2
27	248	3
284	48	5
218	138	5
166	87	3
124	264	2
8	298	1
276	110	1
0	281	3
171	88	3
48	252	2
41	250	1
221	68	2
250	139	1
92	234	1
128	54	3
225	65	1
47	250	2
15	273	5
93	157	3
192	92	3
5	257	4
14	207	2
274	102	2
250	87	4
110	291	3
185	142	3
191	101	3
277	293	5
37	251	3
99	291	3
217	102	1
196	21	1
65	255	1
261	149	1
252	81	1
175	102	2
74	225	2
141	7	3
274	51	3
182	3	1
215	84	4
126	100	5
282	57	3
52	228	5
203	100	1
80	251	2
5	203	2
241	13	3
97	36	1
258	192	1
95	27	1
196	40	2
269	130	1
50	179	2
71	199	5
81	242	5
13	17	3
269	25	1
132	117	2
267	100	4
58	228	4
258	13	2
22	233	5
156	102	4
64	237	3
178	81	3
118	231	1
196	145	1
24	255	2
226	107	4
16	233	4
287	67	1
109	183	3
265	90	3
74	256	3
263	195	4
242	92	2
27	278	2
108	265	1
13	94	1
265	101	3
4	240	3
85	155	4
94	201	3
264	139	2
151	79	3
177	210	2
198	62	3
145	97	1
231	98	1
194	110	1
207	6	3
57	239	1
179	133	4
94	101	1
270	82	1
1	124	1
289	98	5
62	291	4
200	9	4
112	252	5
20	101	1
145	172	2
110	262	3
27	129	3
79	174	5
255	125	4
228	77	1
5	293	4
227	125	4
87	158	4
163	246	4
226	288	2
183	83	3
233	118	3
150	143	3
25	264	1
138	101	2
167	152	1
212	133	4
125	154	1
21	121	3
245	110	3
29	211	1
73	199	4
168	71	1
241	137	3
252	88	1
133	145	4
180	278	4
193	7	3
42	209	3
21	156	5
277	7	5
288	137	4
162	42	1
70	156	3
275	0	5
131	110	1
174	90	3
102	257	3
166	33	4
55	186	2
5	65	1
235	133	5
11	253	3
204	1	1
173	146	4
276	77	1
5	253	3
12	161	3
127	201	5
170	283	1
196	135	1
173	110	3
262	98	4
143	146	3
277	188	4
26	259	2
95	125	1
270	77	1
3	290	5
236	215	5
252	108	2
174	169	2
56	165	2
241	25	1
190	79	4
34	257	4
46	250	3
191	96	4
192	46	4
184	147	2
163	93	1
2	169	5
149	4	2
194	82	1
181	8	2
225	236	1
141	75	4
213	79	5
152	98	5
271	97	2
94	231	2
196	5	1
216	8	2
92	260	5
20	269	2
199	80	3
72	293	1
76	232	1
238	158	2
114	216	1
245	96	4
129	77	2
78	24	1
121	187	1
67	249	3
209	98	4
50	222	1
214	133	4
162	28	1
115	153	3
169	144	3
270	96	3
208	134	3
251	92	3
14	296	5
65	231	4
18	257	5
66	220	2
11	227	4
119	254	1
175	121	4
265	99	4
73	248	2
150	104	2
265	120	2
59	289	1
137	112	1
279	10	4
88	210	5
89	146	2
24	239	1
82	284	3
83	274	1
11	77	1
166	114	4
89	91	1
70	256	4
140	100	3
271	64	3
147	118	4
182	48	3
240	84	4
65	230	1
124	232	1
120	270	1
78	157	1
266	138	2
225	90	3
267	271	3
84	219	3
227	104	3
60	115	2
31	278	4
200	101	3
144	109	3
89	235	3
55	282	4
281	97	1
100	288	2
83	194	5
230	9	4
181	2	4
31	235	1
19	168	1
202	84	4
204	118	4
274	42	2
134	120	4
201	6	1
253	132	2
214	147	5
271	80	3
38	271	3
135	114	4
227	185	4
139	1	3
276	78	3
33	246	2
260	117	1
167	98	2
278	32	1
243	126	2
31	250	1
216	125	3
1	215	1
2	281	2
132	49	4
141	26	2
122	162	4
168	294	1
196	56	2
204	66	3
29	160	3
153	47	1
138	61	1
76	37	2
148	58	4
192	49	1
186	146	2
179	290	3
124	216	3
131	107	3
86	255	1
125	200	3
9	171	1
70	259	1
19	214	4
192	10	1
232	96	1
167	142	4
90	129	1
201	135	1
120	241	2
271	145	4
189	59	2
81	82	2
272	82	2
135	85	4
8	173	2
69	269	4
252	94	1
280	101	2
85	156	1
185	99	4
250	148	3
285	136	5
18	183	1
188	97	3
153	269	1
61	292	2
281	126	1
38	247	2
190	147	5
256	98	4
266	112	4
43	285	3
93	155	4
202	25	4
203	129	3
266	117	5
60	219	4
264	120	5
205	231	1
213	237	2
257	27	1
16	215	1
78	257	1
162	121	1
133	100	2
24	227	4
65	244	5
273	102	4
222	98	4
112	215	1
149	0	3
63	165	3
154	154	3
47	65	3
260	126	1
212	83	3
183	123	2
12	279	4
151	107	4
237	96	2
177	96	2
276	149	1
236	95	5
186	122	2
60	272	3
39	265	2
54	210	3
273	36	5
87	195	1
72	217	1
268	45	3
157	258	5
9	246	3
183	44	4
186	40	4
266	0	4
68	258	2
83	135	1
191	8	3
141	149	4
1	251	2
207	16	3
147	63	2
239	89	3
116	257	5
242	76	4
3	187	2
96	259	2
43	242	3
47	237	1
21	238	4
62	237	2
68	188	3
240	119	4
110	228	4
87	249	3
165	70	2
15	170	3
232	88	5
50	267	4
250	132	1
119	272	4
73	257	3
90	159	3
54	256	2
21	226	2
119	252	4
229	206	1
242	49	1
207	146	3
268	15	1
150	133	3
69	280	1
26	48	4
273	9	1
263	285	3
200	94	3
43	263	1
13	103	4
243	146	2
83	206	3
148	98	5
10	170	3
235	117	2
73	235	2
33	276	1
45	218	3
181	100	2
188	117	1
49	258	2
218	116	5
180	91	3
119	287	1
82	157	3
48	253	5
288	120	4
34	262	4
16	275	3
107	243	4
207	57	3
12	159	2
241	73	4
58	291	3
193	110	1
88	226	1
95	115	1
135	79	1
26	168	4
114	183	1
52	249	1
115	248	4
96	260	3
22	195	3
31	177	3
192	75	1
3	237	1
136	100	3
45	281	1
174	4	1
83	248	3
173	52	3
3	153	2
274	97	3
194	77	1
114	271	1
204	59	4
146	22	2
144	80	2
118	248	1
258	230	1
165	154	3
248	109	2
138	127	1
259	120	2
66	180	2
124	271	5
114	157	1
134	119	1
288	75	3
231	97	1
225	86	1
60	178	3
83	255	1
195	80	4
239	145	3
76	1	2
19	159	1
239	90	5
238	38	3
17	185	1
264	140	2
107	260	5
157	100	3
77	31	1
47	281	3
37	99	2
222	101	4
212	88	3
247	137	4
68	75	4
206	131	2
227	106	3
70	258	2
258	269	1
282	39	3
163	131	3
36	269	5
195	95	2
41	243	1
108	233	3
18	280	4
287	112	1
211	0	4
212	71	3
200	61	3
89	232	2
86	284	1
236	113	5
85	211	1
254	138	4
249	77	1
27	150	3
83	15	2
73	155	4
214	77	1
273	61	1
183	1	3
25	271	3
151	135	3
61	296	5
268	142	5
12	259	2
137	93	1
103	175	2
258	8	3
221	59	2
282	100	3
231	119	1
220	16	3
244	101	1
101	251	3
237	8	4
56	88	3
63	251	5
258	78	2
273	143	3
115	249	4
256	102	4
71	252	5
129	27	1
164	99	1
131	89	1
189	74	2
185	149	1
9	235	2
41	271	2
252	123	1
243	0	4
90	288	5
146	47	1
206	58	1
236	111	5
5	256	3
178	115	3
74	200	5
130	37	3
78	168	2
197	80	3
189	143	2
282	4	3
19	253	4
242	127	3
26	140	1
263	104	2
43	236	4
105	242	1
100	185	1
275	114	5
230	78	2
126	102	4
222	130	4
197	3	4
245	87	5
262	131	4
138	82	1
156	100	2
25	156	2
203	90	3
38	230	2
46	167	3
42	273	2
95	58	1
137	68	5
139	110	3
87	180	3
87	219	2
274	69	2
13	159	3
187	104	1
11	230	4
119	156	2
168	0	5
0	278	3
96	195	3
22	248	1
238	188	3
127	253	4
129	74	3
160	31	1
140	117	3
44	248	1
246	110	2
58	88	3
72	285	1
258	189	1
113	184	1
287	138	5
203	81	1
222	136	5
101	290	3
143	137	3
62	239	1
79	229	5
153	91	2
78	236	4
217	41	1
79	13	5
37	199	3
251	13	2
138	48	1
4	222	4
102	234	1
226	188	4
177	99	2
38	242	2
157	141	5
30	271	1
30	189	4
157	281	4
145	74	2
201	31	1
161	99	2
45	203	2
227	88	4
98	174	1
181	142	3
78	218	1
213	244	2
2	256	2
196	103	1
148	80	5
3	293	2
44	195	2
130	117	3
30	288	3
57	250	3
184	93	1
162	97	1
281	124	1
157	12	2
218	95	4
232	90	2
46	60	2
50	296	3
77	180	1
186	133	3
269	71	2
73	220	3
35	241	3
23	203	1
14	170	3
177	232	2
223	39	1
286	167	4
61	270	1
75	168	2
146	275	1
156	3	3
254	38	2
77	224	2
197	102	4
184	70	2
111	170	1
254	6	3
37	235	1
275	115	2
170	0	3
195	103	3
152	82	1
91	110	1
41	179	4
239	36	3
240	88	3
157	200	3
12	248	4
218	98	5
100	231	4
134	33	4
44	91	1
204	70	2
54	209	3
82	23	2
213	15	5
182	157	1
154	97	3
268	260	4
279	58	1
15	152	2
76	175	5
98	241	3
132	96	2
110	227	4
55	151	5
136	98	1
235	96	2
176	118	1
49	280	3
185	11	1
112	232	1
239	134	3
204	10	4
160	112	1
22	48	4
38	234	3
99	201	3
88	261	3
242	148	2
256	101	3
108	220	1
272	229	3
77	251	1
20	73	4
148	89	2
6	295	4
169	134	1
13	1	3
136	133	2
115	148	3
171	0	5
279	134	2
27	199	5
263	229	4
20	176	2
124	207	4
153	228	1
75	256	2
179	27	4
197	106	1
272	65	2
288	97	2
219	113	2
102	252	3
266	125	3
157	170	3
119	46	3
148	173	1
2	162	2
39	223	1
117	224	4
237	116	4
214	97	3
84	150	3
116	248	5
147	126	2
115	221	3
118	235	1
2	164	1
173	101	4
13	157	1
50	294	1
142	41	4
107	72	1
246	102	3
143	149	2
6	236	4
121	81	1
244	130	1
109	252	4
149	19	3
182	98	4
25	208	3
38	241	3
174	118	3
232	115	2
88	209	1
101	183	2
17	249	2
29	201	1
120	234	1
53	83	4
280	280	1
117	158	3
207	24	3
14	291	2
211	99	2
176	102	1
40	46	4
72	231	1
62	161	3
197	138	3
10	253	1
243	121	4
224	139	3
249	214	4
18	166	3
273	19	4
287	27	1
228	139	1
111	240	3
235	288	1
75	251	1
113	292	1
112	277	2
247	99	3
158	217	1
181	99	3
108	287	1
252	87	2
244	141	2
78	280	1
230	107	2
192	30	1
67	187	1
12	288	2
166	100	4
128	78	3
163	113	1
289	38	3
49	158	1
200	49	4
47	171	3
279	39	1
83	246	4
157	273	5
288	61	1
29	158	3
11	18	4
1	249	3
159	136	3
286	98	5
135	113	3
125	156	2
191	53	4
155	94	1
64	213	1
285	124	1
64	254	1
0	171	3
230	80	4
274	99	4
97	92	1
256	27	2
69	248	1
26	275	3
168	98	3
102	241	3
28	197	1
233	4	3
157	102	3
5	282	2
271	129	4
130	27	1
268	105	2
261	143	2
23	205	1
6	289	1
221	121	3
91	227	4
48	224	5
259	9	1
278	94	1
80	291	4
95	262	1
207	44	3
255	51	4
77	253	1
159	49	4
221	91	3
40	194	3
174	0	4
35	144	4
195	127	4
210	104	4
37	238	1
10	242	3
107	263	4
128	51	4
119	299	4
69	6	2
161	59	2
131	7	1
46	248	2
57	287	2
269	73	1
135	192	2
163	95	3
191	99	5
73	62	3
121	227	1
21	251	5
186	143	2
110	249	5
17	245	5
79	287	5
170	46	1
258	122	3
180	106	3
100	247	3
287	91	1
63	226	5
219	107	3
204	147	2
39	287	5
1	252	4
46	251	3
244	126	3
156	0	4
16	253	1
281	82	2
121	224	3
5	241	3
264	136	4
153	17	1
210	101	2
249	98	2
264	125	4
197	113	3
93	253	1
205	104	2
175	76	1
192	126	1
243	120	5
284	10	2
196	15	1
263	250	5
110	106	1
163	44	1
223	125	2
39	271	1
1	174	1
1	262	2
236	94	4
27	299	1
287	253	1
139	147	4
228	100	1
165	138	4
112	266	3
126	253	3
177	142	5
152	96	1
192	70	1
45	196	4
285	137	5
90	279	4
214	56	2
193	139	2
21	249	3
111	267	5
183	25	3
4	169	5
263	232	3
281	130	1
75	223	2
63	195	1
202	124	3
241	122	2
153	279	1
224	21	4
135	142	5
65	268	4
60	264	4
267	115	3
288	232	1
189	121	4
130	49	5
73	151	3
257	8	2
19	246	4
242	80	3
178	102	3
25	241	3
48	282	3
101	246	4
206	77	1
107	238	2
214	108	5
33	298	1
234	107	3
138	126	2
213	140	3
241	77	1
177	9	5
98	262	1
221	71	3
28	273	1
32	157	4
59	176	3
191	157	5
61	232	1
223	109	1
175	149	2
266	99	3
284	118	2
150	99	4
268	78	2
139	166	1
87	267	3
176	97	1
254	97	2
188	74	1
6	210	2
86	242	2
179	96	4
65	161	3
191	63	2
215	96	1
103	36	3
95	247	4
267	123	3
108	195	1
74	254	2
225	162	1
144	98	3
7	298	1
50	206	2
160	32	1
184	149	3
122	253	1
3	222	1
66	197	5
13	205	3
249	34	2
276	1	2
150	97	2
177	49	1
242	138	3
241	68	1
121	288	1
33	234	1
148	27	1
233	139	1
59	249	1
235	144	3
70	226	4
4	237	3
270	129	2
131	114	4
159	102	3
60	298	2
253	100	1
160	2	4
4	247	3
34	81	1
171	95	4
140	21	5
235	97	1
10	250	1
229	101	3
65	269	1
174	98	2
227	82	2
195	108	2
235	141	2
140	71	4
46	205	3
87	182	3
133	101	4
269	142	3
2	266	1
56	199	4
154	248	3
271	71	3
177	91	1
72	206	1
85	219	1
135	99	5
37	285	3
222	97	4
236	250	3
172	102	2
195	100	1
178	129	3
42	256	1
172	49	2
32	168	1
1	159	1
282	99	3
199	137	3
125	286	3
259	35	1
83	180	4
53	21	1
281	22	1
228	88	2
107	254	1
99	173	4
1	225	4
190	144	5
191	147	5
165	36	4
220	149	2
169	81	2
230	79	3
118	238	2
240	55	3
46	184	4
280	107	1
21	260	5
59	228	2
273	119	4
145	61	3
180	105	5
10	166	5
144	91	1
216	121	5
121	237	1
165	37	2
211	210	1
91	197	1
261	96	2
28	249	2
193	140	2
40	245	3
276	100	4
285	110	2
129	25	2
280	109	2
259	96	2
180	142	3
176	143	2
97	233	5
143	12	2
30	150	4
136	148	3
54	273	5
156	9	3
130	120	4
15	189	1
122	191	3
184	109	3
220	66	1
49	212	1
191	16	3
75	201	4
140	235	1
256	96	3
273	49	4
180	110	3
156	69	3
239	121	3
35	181	3
233	90	3
201	2	3
112	238	3
72	234	1
167	120	3
248	94	1
228	110	1
43	226	2
128	129	2
147	19	3
233	79	5
185	131	1
60	127	1
222	94	4
148	0	5
42	240	5
83	295	4
231	273	1
251	11	2
188	139	1
132	229	1
247	88	2
226	53	2
29	278	2
168	97	2
274	34	4
29	226	1
90	251	1
239	85	3
56	174	5
197	171	1
78	246	2
162	137	4
152	116	1
48	284	1
277	24	5
273	291	1
26	75	2
30	224	4
255	27	1
209	30	3
225	91	1
183	60	4
102	255	1
158	38	2
16	187	4
284	140	1
197	77	3
26	163	2
142	98	5
125	265	1
154	214	4
201	25	1
38	125	1
9	172	5
133	299	2
283	46	2
19	161	3
106	251	3
140	54	5
289	139	1
52	226	1
148	129	4
205	29	1
194	105	2
197	137	3
259	90	2
148	100	2
214	45	1
94	173	5
40	176	3
232	141	2
235	80	3
169	118	3
209	29	3
209	128	3
82	247	2
231	131	3
186	102	3
205	38	5
246	70	3
208	100	2
197	110	5
177	10	4
197	108	2
9	278	5
54	272	3
45	286	1
235	5	1
36	274	2
72	192	1
146	112	2
19	279	3
228	129	3
154	146	3
174	36	3
80	279	3
61	233	5
192	24	1
242	98	2
191	104	5
24	253	4
122	275	1
57	284	3
191	0	3
178	189	1
201	121	5
160	0	2
271	100	2
252	110	1
146	19	3
246	148	1
50	213	3
116	259	3
112	279	5
60	229	3
158	129	3
23	204	2
174	57	2
59	269	1
249	232	2
285	103	4
159	32	1
211	18	3
203	196	1
103	157	5
220	97	1
180	81	3
35	260	5
16	259	1
174	102	3
75	62	4
57	193	5
138	107	1
276	0	5
223	71	3
0	136	2
66	202	2
69	234	1
109	15	3
275	5	3
231	22	5
241	11	2
227	85	5
118	187	3
117	287	2
114	193	5
105	150	4
25	165	3
62	183	1
146	33	1
166	118	4
249	35	4
6	291	3
79	259	4
46	155	4
288	74	3
100	259	1
17	154	2
161	96	1
240	76	4
81	284	4
269	58	1
191	165	5
51	273	4
229	96	1
21	258	3
228	117	3
208	237	2
88	248	2
251	58	3
103	226	1
255	142	2
288	36	4
28	218	5
154	291	3
124	198	1
11	255	1
41	254	4
66	199	5
86	244	4
145	275	4
248	102	1
158	144	2
164	215	3
278	113	1
255	135	1
81	182	5
35	252	5
79	151	3
213	178	4
154	246	4
48	249	1
287	107	3
282	98	3
98	189	3
226	82	2
103	179	1
59	252	4
49	177	3
165	263	2
224	132	4
74	173	1
208	126	4
17	207	3
289	48	3
234	139	2
161	205	2
256	129	3
130	101	3
71	83	1
146	89	1
198	103	2
198	106	2
60	299	1
51	30	1
230	206	1
102	236	3
283	147	4
122	177	5
36	261	2
76	257	1
142	138	4
88	26	1
168	1	1
261	75	1
109	47	4
248	146	2
149	101	2
253	191	1
220	108	1
57	238	3
6	197	2
12	40	3
151	94	4
43	270	2
117	234	2
100	91	3
78	232	2
48	265	2
38	253	3
45	213	2
219	79	4
110	251	4
289	58	1
19	248	3
47	2	3
127	244	2
282	130	2
246	9	5
202	76	4
88	257	4
171	81	4
201	21	1
95	139	1
150	21	3
277	248	4
189	96	5
223	228	3
117	123	1
173	130	4
2	268	2
13	198	3
73	234	2
147	0	2
39	272	5
142	174	1
185	208	1
285	143	2
88	158	2
200	32	3
116	258	1
77	167	1
133	80	3
143	122	2
87	285	1
252	91	1
113	205	1
62	250	1
3	227	4
122	173	2
32	229	5
216	96	1
162	202	1
229	203	1
259	100	2
105	282	1
64	297	5
29	240	4
125	177	2
286	199	4
245	0	4
161	90	4
192	58	5
261	137	3
51	179	2
237	99	4
18	259	3
96	240	4
31	178	4
254	244	1
250	95	1
147	46	2
192	32	2
156	96	3
44	252	4
258	62	5
104	93	3
183	79	3
134	88	2
182	109	1
262	87	4
39	278	5
176	239	1
215	137	1
56	136	2
119	283	1
241	124	1
231	28	2
101	267	4
231	129	1
219	105	2
225	238	1
240	1	4
82	227	1
194	1	1
252	79	5
231	130	2
78	29	1
31	274	1
20	108	1
137	123	1
262	138	4
110	230	4
41	183	3
0	228	4
125	205	2
168	3	2
270	0	4
24	248	4
178	97	2
208	120	3
220	246	1
91	88	2
248	165	1
97	247	1
213	1	3
115	247	2
138	38	1
133	120	3
102	259	1
132	68	5
106	237	5
210	8	1
15	244	2
201	36	1
226	145	2
288	279	1
49	163	1
186	283	3
90	249	5
254	80	5
235	112	3
66	157	5
284	282	1
85	252	3
143	101	3
190	287	2
51	248	1
289	119	3
153	152	1
55	154	1
145	98	2
80	242	1
264	98	4
122	299	4
147	134	1
109	75	3
7	252	2
105	253	2
65	267	5
7	240	1
19	254	1
69	206	3
271	144	3
30	153	4
92	294	1
267	102	4
115	282	2
167	237	1
180	129	4
155	100	3
247	21	4
77	268	2
5	295	4
34	287	4
259	142	4
203	145	4
154	114	3
145	103	5
99	162	3
196	64	2
202	88	3
219	83	1
144	142	1
140	99	4
206	86	1
255	139	2
119	229	2
146	34	2
159	217	2
85	165	3
105	256	1
150	24	4
58	0	2
5	248	4
203	137	3
97	257	3
280	102	1
124	176	1
130	71	4
132	149	4
8	204	3
50	204	2
41	299	3
14	265	2
191	236	3
4	242	4
23	215	1
283	90	4
13	39	1
205	262	1
117	200	5
242	135	4
231	139	2
113	212	4
95	252	5
155	107	2
123	159	2
86	248	3
161	102	3
239	23	3
95	31	1
214	12	5
254	252	3
94	236	3
8	170	1
255	16	3
77	258	1
135	83	2
275	118	3
134	136	4
71	42	4
116	279	4
203	83	1
235	279	1
93	246	5
286	94	3
247	49	4
266	121	4
80	79	1
227	87	5
158	105	4
155	233	3
172	106	2
199	95	4
148	108	4
64	155	4
19	290	1
238	56	2
276	111	3
288	134	2
173	77	2
127	166	3
126	148	3
54	298	4
101	198	4
167	40	1
201	77	1
42	297	5
200	100	2
48	158	5
122	161	4
81	239	4
285	235	2
141	16	5
150	128	1
237	0	4
75	18	2
200	83	3
120	75	1
6	175	3
178	144	3
196	85	2
101	233	4
117	121	3
21	230	5
159	71	2
100	174	1
262	104	3
206	68	3
262	78	4
125	55	1
66	209	4
145	93	4
41	151	1
224	137	4
4	157	4
187	136	2
251	148	3
72	220	4
137	100	2
120	249	1
136	206	4
139	74	4
249	55	4
104	258	1
182	102	1
195	0	4
232	108	3
26	284	1
185	96	1
289	96	3
191	84	4
52	284	1
227	111	3
68	252	4
246	52	1
233	24	2
119	166	3
52	290	4
89	15	2
177	149	3
76	282	2
217	6	1
177	137	3
173	22	1
184	98	3
215	112	2
266	58	2
182	236	2
82	122	1
236	96	5
8	215	1
241	103	3
193	58	1
212	0	4
35	247	4
269	103	5
113	165	1
43	234	3
184	38	2
50	76	1
163	298	3
150	147	5
37	292	2
255	144	3
30	263	3
84	197	2
80	293	3
43	261	1
18	225	1
122	203	4
129	66	2
167	137	2
37	150	1
260	9	1
7	281	2
57	198	4
42	200	3
233	226	1
144	61	2
131	144	2
39	235	4
263	279	4
279	61	1
154	90	4
181	20	1
264	119	3
229	88	1
86	227	5
177	75	1
91	33	3
130	97	2
41	246	3
59	199	1
214	78	3
267	25	3
183	143	2
35	226	1
198	123	4
24	73	5
212	16	4
232	49	2
106	277	3
46	252	3
268	3	5
263	43	3
217	51	5
49	271	1
12	226	1
285	88	4
170	139	1
254	100	1
244	133	3
84	262	3
47	223	4
38	295	3
135	94	1
237	104	5
21	253	3
149	252	3
92	175	1
177	101	4
118	229	1
265	36	4
77	150	3
149	91	1
285	5	2
111	251	3
240	110	4
266	158	3
146	111	2
109	43	4
108	246	2
213	37	3
51	75	5
113	233	4
241	55	2
7	259	1
47	255	1
163	35	4
178	86	2
279	98	2
50	150	2
234	126	3
16	252	5
64	229	3
140	101	3
181	12	4
159	133	3
141	13	3
86	246	2
273	125	4
244	63	2
99	246	3
58	223	1
127	278	3
282	112	2
80	246	3
33	251	1
273	133	1
80	277	2
148	56	2
40	228	5
200	90	5
2	236	5
108	232	1
24	229	5
195	283	1
239	113	3
69	162	3
39	269	5
194	100	1
267	103	4
78	271	1
100	179	1
195	97	3
22	175	1
28	227	1
92	100	1
188	102	1
210	102	3
271	101	4
30	219	3
275	144	3
270	95	2
81	184	3
256	42	3
7	158	1
56	284	1
155	136	2
98	248	1
206	10	3
26	136	3
145	123	3
93	220	2
86	229	1
265	48	3
172	224	1
19	249	4
134	0	4
255	34	5
106	274	3
243	90	5
165	246	2
93	187	2
140	97	4
77	247	4
169	19	2
279	90	3
43	237	5
162	139	1
61	251	1
123	160	1
233	206	1
58	252	5
25	260	4
218	114	5
30	285	3
74	253	1
222	88	4
159	120	3
106	269	2
132	98	3
200	146	5
222	79	4
104	250	2
96	54	1
35	238	3
129	71	4
183	118	1
171	89	2
87	169	4
238	15	3
92	235	3
69	249	3
181	275	2
47	244	3
134	142	5
8	231	3
97	224	3
199	62	4
56	252	4
171	129	5
278	63	2
61	178	1
31	254	3
249	27	1
106	249	5
108	251	1
141	21	3
59	253	3
76	148	1
161	86	2
103	268	3
131	113	1
110	0	4
168	37	2
160	111	1
284	58	3
3	296	4
48	256	1
195	150	1
77	236	3
283	48	3
129	129	5
111	289	1
125	207	4
230	96	1
117	76	1
14	264	2
193	115	3
89	78	3
159	176	2
32	66	1
129	96	3
179	117	1
232	98	2
278	147	3
53	22	1
190	95	3
193	143	4
93	251	1
116	255	1
222	77	5
189	49	4
18	258	3
10	271	1
192	76	1
148	140	2
185	241	1
258	47	2
257	86	2
24	290	4
98	244	1
71	96	1
146	117	3
5	226	2
261	57	3
184	122	3
258	201	1
4	251	2
55	250	2
107	233	1
126	54	4
105	259	1
123	284	1
236	83	5
254	98	4
272	296	1
121	213	1
33	294	3
0	236	4
277	266	5
143	87	3
140	0	4
249	74	2
219	132	1
210	71	3
198	129	2
137	121	3
176	134	3
251	61	2
141	30	1
231	93	1
114	173	3
103	294	2
225	213	1
32	252	4
189	99	4
40	210	2
126	247	5
247	66	3
242	89	3
52	258	1
131	96	2
152	80	3
131	62	5
111	115	1
111	154	1
148	99	4
33	261	1
127	231	4
52	264	2
164	59	3
125	273	4
231	101	4
132	286	1
228	97	2
94	211	2
8	150	1
155	98	1
87	266	3
9	206	5
27	252	3
90	178	3
211	97	1
62	254	1
215	110	4
75	254	1
65	247	1
182	99	5
55	246	5
96	249	3
69	224	1
31	219	4
181	86	2
143	98	4
223	143	3
99	226	2
79	249	4
77	153	2
86	259	1
59	283	1
187	96	2
124	196	2
172	117	3
121	178	1
127	283	3
172	99	2
58	289	2
219	35	2
186	90	4
80	260	1
241	101	3
27	191	1
198	58	1
40	167	1
38	248	4
150	119	3
76	198	1
98	260	1
232	127	2
149	236	1
248	28	1
108	264	1
113	196	1
155	0	2
255	22	3
182	83	2
167	288	1
285	25	1
238	124	2
279	63	3
189	132	4
94	215	1
175	120	2
69	200	1
215	76	4
42	261	1
204	84	2
61	248	1
88	213	2
278	140	1
190	86	4
257	87	5
283	1	2
25	223	1
113	289	1
286	0	5
221	112	3
190	84	3
7	267	4
194	101	3
207	135	4
278	129	3
94	292	3
37	220	1
264	116	3
181	56	4
80	265	3
118	174	4
89	108	2
263	92	3
78	234	1
199	2	4
250	149	2
187	295	3
55	279	3
14	26	2
266	98	3
219	14	1
85	264	3
70	78	3
58	136	3
279	32	1
159	98	4
209	103	4
243	102	4
173	29	5
289	36	3
77	249	4
126	263	3
160	138	2
253	98	1
9	177	1
235	148	4
39	257	3
130	80	4
35	232	1
203	86	1
8	257	5
73	253	1
125	244	5
104	87	1
148	76	3
144	141	2
217	3	1
192	101	1
58	274	1
175	137	3
78	167	5
276	103	3
239	272	1
86	243	3
207	127	3
141	89	3
250	107	2
209	88	4
100	298	2
42	173	4
55	277	5
240	85	4
231	275	3
247	263	3
44	175	1
36	175	2
57	291	2
244	249	1
151	219	3
287	92	3
45	251	1
220	68	3
3	268	2
185	8	1
265	107	3
19	173	5
199	25	3
201	30	1
87	247	2
23	195	1
285	95	5
217	82	2
99	119	3
156	153	3
136	97	4
56	183	2
19	193	5
44	197	5
226	93	3
209	82	4
113	173	4
169	16	2
212	102	3
55	208	3
273	120	3
118	243	2
246	59	3
102	251	3
246	119	2
230	286	1
52	43	2
67	279	4
114	299	1
209	99	4
151	198	4
112	201	1
261	71	3
276	134	4
236	97	5
27	251	3
148	115	3
245	95	4
59	250	5
229	149	1
205	250	1
11	231	3
131	6	3
111	23	1
221	284	1
187	102	2
79	243	4
58	262	4
28	159	1
40	199	3
111	237	2
155	292	1
47	278	4
202	182	4
163	119	5
274	140	2
98	234	1
249	100	2
162	56	1
258	188	1
283	149	3
225	177	1
42	179	1
27	197	4
6	298	3
142	126	4
197	21	4
75	253	1
86	228	5
149	219	2
122	95	1
188	90	3
246	76	1
225	142	5
204	90	5
202	120	4
181	89	2
187	126	3
254	86	1
153	72	3
66	282	2
203	114	1
63	292	4
120	227	5
36	295	5
144	0	3
165	239	2
133	96	3
118	288	3
212	136	5
262	117	5
17	224	5
195	101	3
270	106	1
27	184	2
102	46	1
221	4	2
246	24	4
239	110	3
234	110	2
261	92	4
284	144	4
174	141	2
24	263	3
32	253	3
165	175	2
249	43	5
112	191	3
170	85	4
7	159	3
15	176	1
173	123	3
102	250	5
13	51	2
125	264	2
60	174	4
206	43	1
215	35	5
274	6	4
244	91	1
144	90	5
158	98	2
129	132	2
200	132	4
19	263	2
183	122	2
257	45	3
233	186	2
29	267	4
266	88	4
33	231	5
265	143	2
130	86	2
144	135	1
200	40	3
273	290	5
194	88	1
111	239	1
185	101	3
114	231	2
27	259	1
44	247	2
8	243	4
221	165	1
84	218	2
272	258	2
192	36	2
106	259	2
160	77	1
106	131	1
268	123	3
133	87	3
111	284	1
183	4	3
272	14	2
199	120	3
188	99	1
41	280	4
179	100	3
277	296	5
219	25	1
267	125	3
25	251	3
171	80	4
256	125	3
170	114	4
58	229	4
138	84	1
104	257	2
131	76	2
166	120	4
111	180	1
155	149	2
208	118	1
122	285	2
202	127	4
182	64	1
47	284	1
162	27	1
72	294	1
253	72	4
280	44	1
92	262	2
212	18	4
220	219	1
250	102	2
23	84	1
145	33	2
236	189	5
100	191	5
122	264	4
161	126	3
62	257	4
137	32	1
37	175	5
285	81	3
241	0	4
239	136	3
85	49	3
252	138	1
203	99	3
81	251	5
218	142	4
37	137	1
98	235	1
282	97	3
47	269	3
53	116	4
213	123	3
133	121	3
150	126	3
229	71	3
92	296	5
157	120	4
124	166	2
82	248	1
0	266	4
12	224	3
255	36	3
28	195	4
228	107	3
106	118	2
244	102	3
47	260	3
231	140	2
273	35	1
242	29	1
45	235	2
110	255	1
232	109	3
181	80	3
236	253	4
52	232	1
165	9	3
173	13	4
180	90	4
116	32	4
37	237	3
155	97	2
76	218	1
109	225	4
124	181	2
6	262	3
267	99	2
78	239	2
288	35	1
232	74	2
192	110	1
147	137	1
69	257	1
40	287	4
113	163	1
135	97	2
190	81	2
169	20	1
213	157	3
272	133	4
103	293	3
285	146	3
85	150	5
64	178	1
201	99	3
74	226	1
250	80	3
286	147	5
260	10	1
258	24	2
21	241	2
36	246	5
161	144	3
106	178	4
5	143	3
91	119	3
37	246	2
113	220	5
233	294	1
83	268	4
88	78	1
245	111	3
10	243	3
182	96	1
131	153	1
48	246	1
256	144	3
54	203	4
66	231	4
165	146	2
181	144	2
218	109	3
73	250	2
187	44	2
2	251	1
80	232	2
9	192	3
13	173	4
171	91	4
225	87	5
139	55	2
43	271	1
164	112	2
42	289	1
17	294	1
75	246	3
36	56	1
243	138	2
259	4	1
271	58	4
262	97	3
50	56	1
84	294	4
93	206	1
54	197	4
2	255	1
244	266	1
250	142	1
115	158	3
129	137	3
226	172	2
34	253	2
28	187	2
230	113	1
81	252	5
149	9	4
127	285	3
269	70	1
30	10	2
44	295	5
266	115	2
233	133	3
147	75	3
287	101	3
107	230	1
135	96	4
14	197	4
163	123	1
282	141	4
210	62	4
267	110	2
210	106	4
11	228	4
172	138	5
51	161	3
130	144	3
245	185	1
242	0	3
153	118	4
71	218	5
59	264	1
76	162	2
243	143	1
44	288	4
289	125	2
104	226	1
283	30	1
238	30	2
38	290	3
174	120	4
165	186	3
209	102	5
116	178	4
112	289	1
124	297	2
7	253	1
5	260	3
53	268	4
204	9	4
216	140	1
4	273	4
266	96	4
3	252	3
49	199	3
248	132	1
129	143	1
216	136	2
184	127	4
39	266	5
215	95	2
38	282	4
150	102	2
52	291	2
88	182	5
172	0	3
82	229	3
202	26	4
142	241	1
194	129	2
0	248	4
195	107	5
87	296	3
238	112	4
7	196	3
258	29	2
165	143	3
19	163	1
63	248	4
68	59	2
234	92	3
96	248	1
174	35	2
93	165	3
129	7	2
126	176	2
108	254	1
278	142	2
59	217	1
20	161	4
117	243	3
262	115	2
274	100	3
237	122	4
271	44	2
221	52	1
166	32	2
166	289	1
264	144	4
27	284	1
12	290	2
150	98	3
234	134	4
64	235	4
150	76	3
174	48	3
11	66	2
236	100	5
140	132	5
213	254	5
199	91	3
4	255	1
242	24	1
213	92	4
106	212	4
170	87	4
146	224	1
210	129	3
66	224	1
177	61	2
76	250	5
215	31	1
190	105	4
182	130	1
264	100	2
58	290	3
230	101	4
120	224	1
176	178	1
144	7	5
83	172	4
67	299	1
185	137	3
63	247	5
264	115	4
105	180	4
172	120	2
177	36	2
81	158	3
39	244	5
31	248	3
159	141	3
198	100	2
234	119	3
10	232	1
209	101	4
97	230	3
95	174	4
190	100	5
202	75	4
102	254	1
119	264	1
84	168	3
279	97	1
194	104	3
32	44	1
7	168	2
37	188	1
218	81	2
104	209	2
38	228	3
21	246	4
130	100	4
281	138	1
141	131	3
247	29	3
95	79	2
239	29	2
265	239	3
228	144	2
103	218	5
184	0	4
268	120	5
28	150	1
133	93	4
188	146	1
279	99	3
252	126	2
105	230	1
4	226	2
284	69	2
235	147	3
216	44	4
41	221	4
70	250	5
244	215	1
230	71	2
64	285	1
168	142	4
64	241	3
199	117	3
67	290	1
260	62	4
155	112	3
76	109	1
200	122	4
16	282	1
62	264	5
202	99	4
71	48	1
208	60	2
101	77	3
74	179	1
145	102	4
267	129	3
255	120	4
170	5	2
48	248	3
10	28	1
74	257	4
68	256	1
18	273	2
119	297	4
60	189	3
200	276	3
72	282	4
245	108	4
212	4	2
152	69	2
29	221	3
60	286	3
140	66	4
253	96	5
19	213	1
123	280	3
156	101	3
240	70	3
217	114	5
103	197	5
74	273	5
269	144	3
183	90	2
240	126	4
160	124	1
228	125	2
101	174	4
131	116	1
169	279	1
285	7	4
76	211	1
109	165	4
280	105	1
188	20	1
215	106	2
241	105	3
123	158	2
146	20	2
219	104	2
161	100	1
183	126	3
4	274	4
148	20	2
103	247	5
198	104	4
233	25	1
127	269	2
277	208	4
286	102	5
232	30	2
275	88	3
206	32	2
76	43	1
188	138	3
60	128	1
104	260	4
73	263	2
260	3	2
282	213	3
152	140	1
275	138	4
24	289	2
211	25	1
34	266	3
267	122	4
185	210	1
229	100	2
27	242	3
26	103	2
272	105	4
69	178	1
198	107	4
229	114	3
263	156	2
84	154	3
30	216	3
267	163	3
271	19	4
198	86	2
254	131	1
6	250	2
106	162	2
90	226	2
205	3	3
230	84	1
206	129	2
199	45	3
208	38	1
134	141	4
100	165	1
127	284	2
171	102	4
220	71	1
115	179	3
40	159	3
54	170	3
119	56	1
141	108	3
242	116	3
206	99	3
101	288	2
52	263	5
182	160	3
259	234	1
191	105	4
163	286	2
270	78	5
109	103	3
283	99	4
58	253	2
97	31	1
177	166	3
199	33	3
72	246	5
167	141	4
242	102	4
274	138	3
123	167	1
3	276	3
165	49	3
43	279	3
39	231	5
146	90	4
107	239	1
106	206	2
165	220	2
257	25	1
167	91	5
137	141	5
261	32	3
39	157	1
255	26	2
5	296	2
130	96	4
25	21	1
192	50	1
23	228	2
186	99	3
85	253	4
248	125	3
28	154	3
274	121	3
211	71	3
176	133	5
40	250	4
278	112	1
54	290	4
1	236	2
143	100	2
74	227	2
164	293	2
247	124	3
20	102	4
14	156	2
217	112	1
266	120	4
9	249	4
24	123	2
67	161	2
103	253	3
120	173	1
188	77	1
49	292	4
238	165	1
22	187	2
88	275	1
55	254	1
197	111	1
7	297	3
66	169	3
180	101	4
22	247	5
176	130	1
149	220	1
216	130	4
17	238	3
145	253	2
162	86	1
33	63	2
94	209	1
107	266	2
54	154	1
93	262	3
217	59	1
246	120	4
175	4	3
261	90	5
211	187	1
136	129	4
24	226	4
121	155	1
101	277	3
28	251	1
147	58	1
95	86	1
187	100	2
204	26	3
130	205	4
45	272	2
210	49	2
170	19	2
49	172	2
49	176	4
46	253	2
126	99	3
277	255	5
21	40	2
71	254	1
61	261	1
274	81	1
132	118	4
24	270	4
109	292	3
165	109	4
202	291	4
176	126	1
0	252	3
134	96	3
70	231	5
113	180	1
274	71	3
263	277	3
70	229	2
173	103	5
24	236	4
9	247	2
105	151	1
32	226	1
50	77	1
203	146	1
121	188	3
32	246	5
247	74	4
71	47	1
14	144	1
240	102	4
191	26	4
179	97	2
68	267	5
270	254	1
41	249	1
254	272	1
71	117	2
13	101	3
64	153	3
103	244	3
276	108	3
192	102	2
186	163	2
275	24	4
256	136	3
16	285	1
3	249	2
269	0	5
287	86	2
210	95	3
210	113	4
229	143	3
265	133	3
274	119	3
146	21	1
226	60	2
39	276	3
100	116	3
199	141	3
219	96	2
272	90	4
183	105	3
261	101	2
26	166	3
231	149	5
94	14	1
86	194	4
62	217	3
113	258	1
220	87	5
50	140	1
58	195	1
90	213	2
219	134	3
176	58	1
167	126	1
36	245	5
17	194	3
26	213	3
205	267	1
225	247	1
86	100	1
166	217	1
155	88	1
284	278	2
169	86	1
212	118	3
172	131	1
110	229	3
48	157	3
16	254	1
251	40	5
75	166	2
266	101	4
252	78	2
257	12	3
164	238	3
177	113	2
35	67	4
226	208	3
275	279	1
267	266	5
136	159	4
137	142	3
269	107	4
123	288	4
101	223	4
176	100	1
127	235	2
78	247	1
253	102	1
196	125	2
214	17	2
74	171	2
281	144	5
284	180	2
170	62	5
145	151	4
175	27	1
56	181	1
77	188	4
116	45	2
151	103	5
197	166	1
50	221	2
50	58	1
260	121	3
173	15	1
264	71	5
175	132	1
178	101	3
98	265	1
256	86	3
285	134	2
38	226	2
139	101	3
244	96	2
150	90	5
5	250	1
270	136	5
220	92	2
66	255	1
135	87	2
130	99	3
107	264	3
134	219	3
282	91	2
195	85	3
244	0	3
215	124	1
73	224	2
16	221	5
10	274	2
141	43	3
207	117	3
83	31	1
10	254	1
204	100	1
47	279	2
70	230	1
8	275	1
137	81	1
162	67	3
7	261	3
186	54	2
226	257	2
239	116	3
280	99	1
133	222	2
283	176	1
209	141	4
1	223	1
3	203	3
13	169	2
166	141	5
62	249	3
117	284	2
100	201	1
64	173	4
238	258	2
202	137	4
16	162	1
249	139	3
84	261	1
173	100	3
203	65	1
120	176	1
234	102	3
30	257	5
183	52	2
99	248	3
227	176	1
224	142	3
257	59	2
142	130	5
285	71	1
214	132	5
241	31	2
228	80	4
56	288	4
184	3	2
288	142	3
4	185	5
3	282	4
62	229	3
135	109	1
72	226	1
190	102	5
33	243	4
214	29	1
99	219	3
147	91	1
157	40	2
38	244	3
133	102	3
262	105	2
12	252	4
196	90	2
270	101	1
234	129	3
222	0	5
48	179	4
119	243	3
65	284	1
95	227	5
147	141	3
59	155	5
28	170	1
52	180	1
128	58	1
279	120	3
283	14	2
91	162	4
259	57	1
179	115	4
35	182	3
118	52	1
207	61	2
91	179	1
180	108	4
53	105	1
124	152	2
277	196	4
264	21	2
270	86	2
41	214	4
53	192	4
58	247	3
95	278	4
41	257	2
77	226	1
89	231	5
268	2	3
199	104	3
260	92	1
234	108	2
285	122	4
251	31	2
9	227	5
223	74	4
50	152	2
215	148	1
198	77	1
58	33	1
127	237	4
160	116	1
84	223	3
244	90	2
285	102	4
269	95	1
113	243	1
214	72	5
10	288	5
259	61	1
125	268	3
100	168	2
172	142	2
67	155	2
210	99	4
84	234	3
44	294	1
160	101	3
58	210	2
65	200	2
286	15	5
18	284	1
209	105	4
140	80	4
11	248	2
79	47	3
289	124	1
32	161	1
193	123	3
31	237	1
96	252	5
134	169	1
161	118	3
109	178	2
264	97	5
102	284	1
139	96	2
72	131	1
25	283	1
36	186	1
186	25	2
102	224	2
216	5	3
200	98	4
235	102	4
107	285	1
89	101	1
241	208	1
169	17	1
255	30	1
128	102	3
32	77	1
254	101	3
44	251	1
191	47	1
267	139	1
269	138	2
259	141	2
169	74	1
6	108	1
152	275	1
27	218	4
276	80	4
256	58	3
272	122	3
152	114	1
118	232	1
102	232	1
172	128	1
48	221	3
286	148	5
95	186	4
255	33	3
200	97	3
217	125	3
231	181	1
94	295	2
255	108	2
107	236	1
232	83	4
71	104	3
102	133	1
10	168	1
164	110	1
2	252	3
18	172	3
218	148	4
249	144	3
95	235	4
153	128	3
257	93	1
179	148	4
194	131	2
240	96	3
96	258	1
149	75	2
79	183	5
219	9	3
54	229	4
237	145	3
213	248	3
281	80	3
272	146	4
12	239	3
45	292	2
85	199	5
8	256	2
63	187	4
124	217	1
171	109	3
148	21	4
256	174	1
174	101	2
163	142	4
89	129	4
1	233	5
123	233	5
8	242	3
264	38	3
175	125	2
114	285	1
151	104	4
68	175	4
89	296	1
183	182	1
76	27	1
187	90	2
247	98	3
166	187	1
96	188	3
149	49	3
121	263	2
288	102	3
22	231	5
55	223	1
33	237	1
43	223	1
155	137	3
237	31	3
171	77	2
195	88	2
190	78	4
104	119	2
151	102	2
278	111	1
175	124	1
92	240	1
5	258	2
272	214	4
31	264	4
277	6	5
91	219	5
26	146	2
235	51	3
128	99	2
103	155	4
175	97	4
196	87	2
41	158	1
202	97	4
188	78	4
42	45	1
108	258	1
61	264	1
243	171	1
267	241	3
166	140	2
230	0	4
77	229	2
67	200	3
2	265	3
97	254	2
20	214	1
212	162	4
140	50	4
33	238	2
117	48	2
179	9	3
230	99	3
149	48	2
264	0	5
15	213	1
259	245	1
179	129	3
0	250	2
43	287	3
71	165	5
102	237	3
125	281	3
4	289	3
63	199	5
224	136	4
176	137	5
132	100	3
213	8	3
256	0	4
286	81	4
48	291	5
272	104	3
156	48	3
135	105	5
235	114	4
181	67	3
