5.8046875	6.3046875
5.8359375	6.703125
5.8359375	6.1328125
5.9296875	5.703125
6.828125	5.390625
5.4140625	6.4921875
6.1875	5.0625
5.9921875	5.9228954
5.34375	5.2882957
5.53125	6.2728806
6.188814	5.8947296
6.51255	5.702316
5.6903024	5.281163
5.650209	4.872646
6.831149	5.7051334
6.041155	5.8915534
6.0553265	5.279786
5.187788	5.1273394
5.748	4.6379642
5.431383	4.3199162
6.1554766	4.0632677
5.1806965	5.0063972
4.300129	4.474162
5.196246	4.697291
4.6752315	3.4941678
3.9777107	4.3568735
4.790875	4.3238373
4.17146	3.7962322
4.3762345	3.8285146
4.698702	3.557682
3.3616722	2.7403493
3.840649	3.5058403
4.342739	3.1743922
3.8926704	3.5126548
3.7156181	2.7362857
3.1564283	2.4680603
3.3794463	2.9610806
3.5746346	3.2307534
4.0740285	2.271103
3.455872	3.246143
3.0268898	2.2736564
2.9445105	2.8858519
4.0166063	2.2834487
3.1998782	2.3161373
2.8036165	2.4369457
3.7699702	2.5127382
2.5424643	2.3098116
3.235016	2.2705889
3.133281	2.036436
2.7018342	2.3104362
2.6138744	2.0886729
2.684538	2.2997425
2.6981275	2.0849278
2.8184938	2.5250323
2.6111994	2.4292705
2.4344826	3.0052104
2.7575183	1.8986782
2.6050954	1.8340635
2.4418716	2.031479
2.616969	2.0332932
2.4569345	2.1059198
2.213345	1.9783983
2.5121746	2.283712
2.0034723	1.9753474
2.5046844	1.6895463
2.5343056	1.9727122
1.9764962	1.8524427
2.207943	1.6209376
2.308517	2.0194223
2.299876	1.946833
2.7210088	1.6584809
2.196632	2.0870202
2.5046492	2.0515423
1.9950237	1.5187888
2.2603023	1.8777168
2.2666633	1.5290756
1.9491062	1.8248676
2.2233286	1.8536808
2.1545372	1.7922074
2.2448366	2.066578
2.2497003	1.7342532
2.2035122	1.7635989
2.195963	1.7720618
2.4902046	2.0754025
2.337555	1.6518817
2.7394242	1.6962769
2.2799664	1.8586125
1.9531789	2.0175896
2.1120334	1.4005897
2.416121	1.2453759
2.0599985	1.8154566
1.9265683	1.2434082
2.1520033	1.5090919
1.6984968	1.4241488
2.5164762	1.8147031
2.339044	2.0029817
1.9579327	1.8031446
1.8690906	1.726764
2.0410247	1.3936727
2.0658317	1.7452152
2.0737329	1.461504
1.8868245	1.8821313
1.6511397	1.4417871
1.9512286	1.4375768
1.9045016	1.7457454
2.2224898	1.4838259
2.1341727	1.3188171
2.0612152	1.6977108
1.9462721	1.9716375
2.1413927	1.5664968
1.9517307	1.2457957
1.9392595	1.7589781
2.2019362	1.6402128
2.3916483	1.6635697
1.723639	1.737789
1.7196739	1.5090704
1.7319479	1.551707
1.982177	1.7176042
1.9056406	1.3149927
1.7298876	1.3449681
1.5450952	1.6176276
1.7990458	1.3825432
1.6083553	1.826342
2.0409725	1.5850649
1.5672292	1.6020975
2.1256804	1.3826382
1.8317996	1.5183165
1.6170874	1.5105417
2.2383733	1.3474818
1.893218	1.5917784
2.3260794	1.606845
1.9432356	1.5024577
2.497661	1.6426165
1.9334788	1.729351
2.220641	1.4281247
1.3545336	1.6918366
1.5870419	1.5894544
2.2940612	1.3001232
2.082662	1.5394416
1.9958894	1.7608552
2.2808185	1.8279833
1.8733501	1.4560598
2.004929	1.6519163
1.8366337	1.6714013
2.0252762	1.7222162
1.5900187	1.6391847
1.8145801	1.6219082
1.9019378	1.5114865
2.0929759	1.7450644
1.8186948	1.7005196
1.5679529	1.5754685
1.6120961	1.360453
1.8447969	1.3570771
1.6720297	1.3514808
1.955766	1.3052953
1.6612334	1.1895144
2.1045837	1.4679806
1.6254202	1.331257
1.8846551	1.6171916
1.937443	1.6845343
1.8393188	1.3243723
1.9613173	1.5003021
1.7582936	1.552391
1.8284981	1.3694596
1.6143484	1.2633965
1.9507673	1.3047678
1.7086214	1.4127421
2.0603433	1.4695375
1.9183099	1.54178
2.1351562	1.5458341
1.919746	1.4324223
1.9037799	1.4239199
2.0879765	1.502825
1.6612198	1.393008
1.795433	1.5559392
2.552007	1.6601946
2.1636748	1.4873816
1.9376559	1.4772121
2.0654635	1.4878511
1.3768113	1.5480785
1.542764	1.4490879
1.5831023	1.3528106
1.8488085	1.4384702
1.718477	1.1311139
2.0594053	1.3459495
1.6816249	1.4184605
2.1971211	1.3468146
1.662698	1.4495099
1.7006997	1.8710693
1.811547	1.1980579
1.9022565	0.8999733
1.9014432	1.4644091
1.579605	1.5048033
1.8751922	1.7200937
1.4973075	1.4633327
1.6333925	1.3981111
1.7272611	1.1990889
2.0672967	1.3351002
2.153934	1.4256036
1.890396	1.5556052
2.0532765	1.6254478
1.7886236	1.2847314
1.7172103	1.5442781
1.5735607	1.5254749
2.1194904	1.313155
1.7959971	1.4705508
2.0247672	1.3693389
1.6845963	1.1826375
1.3314755	1.7012324
1.6521515	1.5892768
1.695318	1.5433989
1.6787541	1.6052155
1.8006992	1.4792354
2.4260802	1.230349
2.1507697	1.4963931
2.0121098	1.2427268
1.7865815	1.4681145
1.9281908	1.6175706
1.8013303	1.4193927
1.8599552	1.720478
1.8932774	1.6138322
1.8796256	1.5436535
1.6758447	1.5437114
2.0466366	1.4177423
2.149588	1.4605577
1.8573008	1.4666808
1.6334834	1.2951527
1.6716741	1.2275958
2.0564277	1.1148701
2.2757506	1.3401893
1.5588748	1.4688325
1.8252392	1.3273153
1.439637	1.3627784
1.7755527	1.089586
1.7838712	1.1406047
2.0385594	1.4172206
1.7939656	1.306838
1.8940243	1.3756349
1.8356009	1.5004814
1.960379	1.1850233
1.7865927	1.5818453
1.7207475	1.6362017
1.575272	1.5152857
1.9841349	1.2941719
1.4981575	1.5929515
2.0142622	1.5924478
1.7406979	1.202565
1.4432222	1.4405711
1.8658261	1.277813
2.0585134	1.5356625
1.9814421	1.4213763
1.6391902	1.6611922
1.7578417	1.2519323
1.7753372	1.2095252
2.030054	1.3055266
1.7711221	1.3019284
2.0228643	1.2150731
1.4530268	1.456471
1.6707541	1.5490746
1.4955335	1.4400208
1.9382818	1.3429077
2.06489	1.415266
1.7645935	1.5701933
1.8559494	1.3929174
1.9910529	1.3051362
2.1035316	1.0815033
1.9392288	1.3526825
2.0808918	1.4930595
1.8220303	1.4669565
1.8270596	1.4252561
1.7449327	1.4043441
1.494478	1.5382178
1.9066428	1.4561241
1.8699342	1.4210072
1.7015886	1.4696959
1.9025922	1.3884113
2.228834	1.5057745
2.1621075	1.654036
1.7287769	1.3512319
2.0132039	1.5846441
2.075728	1.2007899
2.4193559	1.4135604
2.0109477	1.2045755
1.8589542	1.437403
2.0800562	1.4464586
1.9691734	1.4327934
2.0199885	1.4240704
1.6941113	1.3725022
1.7886953	1.2028875
1.6009166	1.3740379
1.989991	1.4618903
1.7536571	1.4944178
1.7169528	1.3833549
1.9860693	1.4306599
