0.005179	0.005371	0.005109	0.005237	0.005268	0.005436	0.005264	0.005123
0.007278	0.007479	0.007247	0.007403	0.007407	0.007486	0.007257	0.007095
0.008883	0.009006	0.008824	0.008989	0.008995	0.009016	0.008807	0.008416
0.010187	0.010304	0.010073	0.010328	0.010313	0.010289	0.01003	0.009408
0.011294	0.011389	0.011179	0.011426	0.011425	0.011327	0.011094	0.01027
0.012276	0.012334	0.012117	0.012337	0.012384	0.012258	0.011983	0.010959
0.013102	0.013167	0.013001	0.013176	0.0132	0.013075	0.012783	0.011525
0.013859	0.013925	0.013739	0.01394	0.013973	0.013804	0.013456	0.011984
0.01456	0.014616	0.014456	0.014611	0.014656	0.014458	0.014081	0.012421
0.015212	0.015217	0.015084	0.015251	0.015296	0.015063	0.01462	0.012795
0.015797	0.015786	0.015658	0.015815	0.015865	0.015617	0.015128	0.013105
0.01633	0.016323	0.016179	0.016342	0.016379	0.016126	0.015594	0.013355
0.016814	0.016815	0.016682	0.016812	0.016855	0.016564	0.015996	0.013594
0.017274	0.017261	0.017111	0.017243	0.017285	0.016956	0.016371	0.013736
0.017696	0.017683	0.01755	0.017639	0.017688	0.017333	0.016721	0.013872
0.018107	0.018067	0.017929	0.018016	0.018057	0.017669	0.016998	0.013972
0.018464	0.018414	0.018277	0.018372	0.018397	0.017985	0.017282	0.014059
0.018796	0.018748	0.018616	0.018692	0.018696	0.018268	0.017534	0.014117
0.019109	0.019052	0.018916	0.018979	0.018974	0.018499	0.017756	0.014145
0.019404	0.019329	0.019197	0.019253	0.019238	0.018729	0.017962	0.014151
0.019683	0.019583	0.019453	0.019513	0.019486	0.018941	0.018126	0.01415
0.019934	0.019818	0.019679	0.019751	0.019715	0.019133	0.01827	0.014101
0.020166	0.020048	0.019911	0.019958	0.019918	0.019331	0.018403	0.014061
0.020394	0.020273	0.020103	0.020164	0.020102	0.019494	0.018517	0.014007
0.020607	0.02047	0.020301	0.020353	0.020272	0.019646	0.018614	0.013955
0.020808	0.020654	0.020483	0.020525	0.020427	0.019776	0.01871	0.013886
0.020978	0.020843	0.020654	0.020684	0.020577	0.01989	0.018795	0.013801
0.021139	0.021002	0.020811	0.020833	0.020715	0.019999	0.018859	0.013685
0.021289	0.021162	0.020952	0.020966	0.020837	0.020096	0.01891	0.013583
0.021435	0.021305	0.02109	0.021095	0.020948	0.020178	0.01894	0.013475
0.021582	0.021442	0.021215	0.02122	0.02105	0.020253	0.018968	0.013354
0.02172	0.021565	0.021336	0.021336	0.021144	0.020319	0.018987	0.01322
0.021845	0.021678	0.021451	0.021443	0.021229	0.02038	0.018999	0.013095
0.021961	0.021783	0.021561	0.021538	0.021305	0.02043	0.019	0.01297
0.022069	0.021891	0.021662	0.021628	0.021381	0.020478	0.019005	0.012827
0.022166	0.021985	0.021744	0.021714	0.021443	0.020531	0.019002	0.012684
0.02226	0.022076	0.021828	0.021795	0.021506	0.020559	0.019002	0.012553
0.022358	0.022162	0.021905	0.021866	0.021557	0.020588	0.018988	0.01241
0.022446	0.022241	0.021979	0.021932	0.021609	0.02061	0.018965	0.012269
0.022529	0.022318	0.02205	0.021991	0.021658	0.020624	0.018941	0.012128
0.022607	0.022386	0.022116	0.022047	0.0217	0.020634	0.018907	0.011971
0.022681	0.022454	0.022177	0.022102	0.021738	0.020651	0.018873	0.011831
0.022754	0.022527	0.022235	0.022154	0.021767	0.020652	0.018836	0.011673
0.022823	0.022585	0.02229	0.022201	0.021804	0.020656	0.018806	0.011546
0.022886	0.022647	0.02234	0.022254	0.02183	0.020661	0.018765	0.011409
0.022945	0.022704	0.022389	0.022296	0.021859	0.020655	0.018725	0.011266
0.023008	0.022758	0.022437	0.022338	0.021878	0.020656	0.01868	0.011126
0.023057	0.02281	0.022479	0.022378	0.0219	0.020649	0.018632	0.010986
0.023112	0.02286	0.022519	0.022412	0.021915	0.020637	0.01858	0.010841
0.023167	0.022909	0.022557	0.02244	0.021934	0.020624	0.018531	0.010709
0.023213	0.022951	0.022599	0.022471	0.021945	0.020606	0.018475	0.010566
0.023259	0.022992	0.022635	0.022499	0.021956	0.020593	0.018415	0.010442
0.023305	0.023034	0.022666	0.022527	0.02196	0.020583	0.018358	0.010314
0.02335	0.02307	0.022698	0.022548	0.021969	0.020564	0.018303	0.010184
0.023392	0.023108	0.022729	0.022573	0.021974	0.020546	0.018248	0.010052
0.023432	0.023145	0.022763	0.022594	0.021982	0.020528	0.018193	0.009936
0.023474	0.023181	0.022794	0.022613	0.021988	0.020508	0.018135	0.009818
0.023514	0.023214	0.022824	0.022632	0.02199	0.020486	0.018077	0.009691
0.023549	0.023247	0.022851	0.022648	0.02199	0.020459	0.01802	0.009564
0.023585	0.023276	0.022879	0.022663	0.021993	0.020434	0.017964	0.009445
0.023617	0.023303	0.022903	0.022681	0.021994	0.020407	0.017899	0.009334
0.023646	0.023329	0.022927	0.022691	0.021989	0.020377	0.017838	0.009225
0.023677	0.023353	0.022946	0.022701	0.021985	0.020349	0.017776	0.009108
0.023706	0.023377	0.022966	0.022712	0.021978	0.020317	0.017715	0.009001
0.023733	0.023399	0.022983	0.022722	0.021974	0.020289	0.017651	0.008893
0.023758	0.023423	0.022999	0.022728	0.02197	0.020256	0.017586	0.008782
0.023787	0.023443	0.023016	0.022731	0.021962	0.02022	0.017528	0.008679
0.023815	0.023461	0.023032	0.022739	0.021953	0.020187	0.017465	0.008574
0.023839	0.02348	0.023046	0.022746	0.021944	0.020154	0.017404	0.00847
0.023863	0.023502	0.023062	0.022755	0.021933	0.020121	0.017345	0.008372
0.023887	0.023521	0.023076	0.022759	0.02192	0.020089	0.017284	0.008284
0.023909	0.02354	0.023087	0.022761	0.02191	0.020053	0.017216	0.008194
0.02393	0.023557	0.023098	0.022764	0.021899	0.020017	0.017149	0.008102
0.023952	0.023574	0.023114	0.02277	0.021887	0.019982	0.01709	0.008011
0.023974	0.02359	0.023125	0.022771	0.021874	0.019949	0.017029	0.007922
0.023995	0.023608	0.023136	0.022778	0.02186	0.019912	0.016969	0.007831
0.024014	0.023623	0.023146	0.02278	0.021849	0.019876	0.016903	0.007747
0.024034	0.023637	0.023159	0.022781	0.021837	0.01984	0.016842	0.007662
0.024055	0.023651	0.023169	0.022781	0.021821	0.019805	0.016781	0.007581
0.024073	0.023665	0.023177	0.022782	0.021807	0.019767	0.016723	0.007502
0.024092	0.023678	0.023185	0.022784	0.021792	0.019728	0.01666	0.007424
0.024114	0.023689	0.023194	0.022785	0.021778	0.019691	0.0166	0.007344
0.024132	0.023704	0.023202	0.022786	0.021763	0.019656	0.016544	0.007268
0.024149	0.023719	0.023209	0.022785	0.021745	0.019619	0.016483	0.007193
0.024166	0.023733	0.023218	0.022783	0.021729	0.019581	0.016421	0.007117
0.024185	0.023745	0.023225	0.022783	0.021714	0.019544	0.016361	0.007044
0.024199	0.023757	0.02323	0.022781	0.021697	0.019508	0.016306	0.006974
0.024217	0.023769	0.023236	0.022781	0.02168	0.019472	0.016246	0.006903
0.024235	0.023781	0.023244	0.02278	0.021662	0.019438	0.016187	0.006836
0.02425	0.023794	0.023252	0.022778	0.021643	0.019405	0.016126	0.006769
0.024266	0.023806	0.02326	0.022776	0.021628	0.019366	0.016068	0.006706
0.024282	0.023817	0.023265	0.022773	0.021609	0.019331	0.016008	0.006638
0.024298	0.023828	0.023269	0.022772	0.02159	0.019292	0.015952	0.006574
0.02431	0.023839	0.023276	0.022769	0.021575	0.019256	0.015893	0.006519
0.024328	0.023848	0.023281	0.022765	0.021556	0.019218	0.015834	0.006462
0.024345	0.023858	0.023285	0.022762	0.021544	0.019183	0.015775	0.006407
0.02436	0.023868	0.023289	0.022757	0.021526	0.019147	0.015719	0.00635
0.024373	0.023878	0.023293	0.022754	0.021507	0.019111	0.015661	0.006294
0.024387	0.023888	0.023298	0.022749	0.021488	0.019071	0.015601	0.006239
0.024399	0.023895	0.023301	0.022745	0.021473	0.01903	0.015545	0.006185
0.024412	0.023905	0.023304	0.022741	0.021457	0.018993	0.015485	0.006133
0.024423	0.023911	0.023307	0.022739	0.021437	0.018955	0.01543	0.006078
0.024437	0.023922	0.023311	0.022735	0.021418	0.018917	0.015374	0.006025
0.024451	0.023931	0.023315	0.022728	0.0214	0.018881	0.015316	0.005974
0.024465	0.023938	0.023318	0.022722	0.021383	0.018846	0.015258	0.005923
0.024478	0.023946	0.02332	0.022717	0.021364	0.018808	0.015201	0.005872
0.02449	0.023953	0.023324	0.022713	0.021344	0.018771	0.015148	0.005819
0.024503	0.023962	0.023325	0.022705	0.021326	0.018737	0.015091	0.005768
0.024516	0.023969	0.023328	0.022699	0.021309	0.018702	0.015036	0.005721
0.024528	0.023976	0.023332	0.022694	0.02129	0.018667	0.014983	0.005677
0.024539	0.023984	0.023336	0.02269	0.021272	0.018629	0.014931	0.005628
0.024551	0.023991	0.023338	0.022685	0.021252	0.018591	0.014876	0.005584
0.024564	0.023999	0.023339	0.02268	0.021235	0.018556	0.014823	0.005539
0.024575	0.024007	0.023341	0.022673	0.021217	0.018519	0.014766	0.005496
0.024587	0.024013	0.023344	0.022668	0.021196	0.018483	0.014717	0.005455
0.024597	0.024018	0.023346	0.022662	0.021177	0.018446	0.014662	0.005413
0.024608	0.024024	0.023347	0.022655	0.021161	0.018414	0.014611	0.005373
0.024619	0.02403	0.023348	0.022648	0.021141	0.018379	0.014559	0.005329
0.024632	0.024036	0.023351	0.02264	0.021122	0.018346	0.01451	0.005288
0.024643	0.024043	0.023354	0.022636	0.021103	0.01831	0.01446	0.005248
0.024652	0.024051	0.023354	0.022629	0.021084	0.018276	0.01441	0.005209
0.024665	0.024055	0.023356	0.022621	0.021064	0.01824	0.014359	0.005172