MF	1.167	1.951	0.938	1.319	0.609	0.719	0.604	0.695
NFM	1.034	1.586	0.919	1.299	0.571	0.656	0.587	0.657
CPT-V	0.914	1.181	0.992	1.512	0.798	0.968	0.775	1.069
PMF-MNAR	1.190	2.243	0.910	1.279	0.595	0.714	0.601	0.691
MF-IPS	0.853	1.062	0.891	1.169	0.635	0.730	0.625	0.700
NFM-IPS	0.842	1.047	0.863	1.137	0.582	0.672	0.591	0.662
MF-DR	0.793	1.037	0.807	1.058	0.589	0.677	0.601	0.672
NFM-DR	0.782	1.024	0.784	1.033	0.547	0.612	0.579	0.630
MF-IPS-NP	0.833	1.005	0.827	1.056	0.600	0.682	0.604	0.661
NFM-IPS-NP	0.827	0.992	0.812	1.041	0.558	0.634	0.575	0.629
MF-DR-NP	0.781	0.982	0.770	0.982	0.572	0.644	0.588	0.641
NFM-DR-NP	0.776	0.977	0.759	0.973	0.539	0.587	0.572	0.604
MF	0.002	0.003	0.005	0.007	0.004	0.006	0.003	0.005
NFM	0.005	0.007	0.009	0.013	0.007	0.013	0.008	0.014
CPT-V	0.003	0.004	0.012	0.020	0.010	0.016	0.011	0.017
PMF-MNAR	0.006	0.010	0.005	0.009	0.005	0.009	0.005	0.009
MF-IPS	0.003	0.005	0.008	0.012	0.006	0.010	0.005	0.008
NFM-IPS	0.005	0.006	0.009	0.011	0.007	0.011	0.008	0.012
MF-DR	0.002	0.003	0.004	0.006	0.003	0.006	0.003	0.006
NFM-DR	0.004	0.007	0.007	0.013	0.006	0.013	0.006	0.014
MF-IPS-NP	0.002	0.003	0.004	0.006	0.004	0.006	0.003	0.005
NFM-IPS-NP	0.003	0.006	0.006	0.009	0.006	0.011	0.006	0.012
MF-DR-NP	0.001	0.002	0.002	0.003	0.001	0.004	0.002	0.004
NFM-DR-NP	0.002	0.003	0.004	0.006	0.003	0.006	0.003	0.006