1.799954
1.799954
1.799954
1.799954
1.799954
1.799954
1.799954
1.799954
1.799931
1.799885
1.799606
1.798552
1.796404
1.792730
1.787203
1.780149
1.770897
1.759632
1.746813
1.731534
1.715591
1.697823
1.679232
1.659449
1.638751
1.616978
1.593676
1.570706
1.547454
1.522916
1.499834
1.475982
1.451593
1.428574
1.404583
1.383389
1.362856
1.343084
1.324692
1.308087
1.290437
1.275348
1.260534
1.245523
1.231336
1.218388
1.205958
1.194012
1.183243
1.171582
1.162457
1.153446
1.145074
1.136859
1.128886
1.121282
1.114879
1.108603
1.102777
1.096976
1.092272
1.088859
1.086035
1.083046
1.079722
1.076989
1.074683
1.072776
1.070667
1.068931
1.067950
1.066786
1.065045
1.064155
1.063067
1.062475
1.061344
1.060914
1.061184
1.060876
1.059731
1.059996
1.059654
1.059303
1.058851
1.058109
1.058516
1.059413
1.059889
1.060446
1.061500
1.061811
1.062504
1.062503
1.063485
1.063980
1.064849
1.066251
1.066605
1.067902
1.069022
1.069579
1.070673
1.071591
1.073165
1.074925
1.075906
1.077462
1.079144
1.080581
1.082529
1.083733
1.084774
1.085689
1.086735
1.088056
1.089970
1.091970
1.094089
1.094994
1.096981
