1.799954
1.799954
1.799954
1.799954
1.799954
1.799954
1.799954
1.799952
1.799927
1.799872
1.799668
1.798942
1.797249
1.794033
1.789282
1.783015
1.774889
1.764905
1.753077
1.740297
1.724821
1.707907
1.688295
1.669004
1.646829
1.624353
1.600729
1.576538
1.552233
1.527737
1.502801
1.478254
1.454967
1.431201
1.410073
1.389496
1.368356
1.348137
1.328431
1.309885
1.292818
1.275265
1.259239
1.244122
1.229930
1.215669
1.203460
1.192044
1.180083
1.168701
1.158277
1.148481
1.140721
1.132418
1.125677
1.118400
1.111533
1.104562
1.099350
1.094058
1.088626
1.084737
1.081721
1.077846
1.074860
1.071840
1.068604
1.066614
1.065496
1.062943
1.061784
1.059965
1.057947
1.056119
1.055232
1.054444
1.054562
1.053785
1.052737
1.052165
1.052729
1.052587
1.051624
1.051766
1.051526
1.050725
1.051439
1.051055
1.051747
1.052741
1.053244
1.053726
1.054046
1.054070
1.054982
1.055769
1.056860
1.056941
1.058146
1.058904
1.059709
1.060743
1.062136
1.062837
1.063744
1.064366
1.065764
1.065944
1.067289
1.068910
1.070048
1.071305
1.072592
1.074050
1.074978
1.076456
1.077817
1.079365
1.080278
1.081486
1.082989
1.085102
