1.799954
1.799954
1.799954
1.799954
1.799954
1.799954
1.799954
1.799942
1.799922
1.799847
1.799458
1.798248
1.795917
1.792033
1.786002
1.778351
1.769009
1.757843
1.744800
1.730069
1.713661
1.695737
1.676353
1.655681
1.633556
1.611350
1.588195
1.564596
1.541089
1.518260
1.495292
1.471681
1.448867
1.426533
1.404356
1.383666
1.362466
1.343606
1.325448
1.307355
1.290500
1.276040
1.259885
1.245108
1.231011
1.217777
1.204030
1.191691
1.180286
1.169150
1.159234
1.150208
1.142234
1.134777
1.126648
1.119035
1.112602
1.106403
1.101491
1.096730
1.092365
1.088758
1.086388
1.083186
1.080543
1.077818
1.075647
1.073487
1.071290
1.068718
1.067598
1.066168
1.064299
1.063346
1.062792
1.062351
1.061249
1.060678
1.060488
1.059532
1.059271
1.058985
1.058714
1.058527
1.058073
1.057499
1.058381
1.058646
1.059217
1.059165
1.059392
1.059625
1.060192
1.060940
1.061400
1.062137
1.063216
1.064095
1.064704
1.066041
1.067587
1.068674
1.069340
1.070280
1.072110
1.073596
1.075075
1.075720
1.076922
1.079119
1.080494
1.081329
1.082588
1.083246
1.084742
1.086030
1.087065
1.087824
1.089152
1.090709
1.092177
