1.799954
1.799954
1.799954
1.799954
1.799954
1.799954
1.799954
1.799938
1.799910
1.799849
1.799591
1.798660
1.796690
1.793492
1.788476
1.781972
1.773505
1.763163
1.750594
1.737349
1.721881
1.704479
1.685569
1.665595
1.644116
1.622238
1.599451
1.576126
1.552426
1.528485
1.506635
1.483446
1.460366
1.436943
1.414755
1.392991
1.371781
1.351305
1.332659
1.313344
1.295189
1.278498
1.262947
1.248332
1.234559
1.220624
1.206925
1.195266
1.183816
1.174072
1.163980
1.153929
1.145898
1.136994
1.130256
1.122363
1.115660
1.109204
1.103192
1.097280
1.092052
1.087970
1.084755
1.081390
1.078199
1.075554
1.072907
1.069542
1.067368
1.065672
1.064098
1.062759
1.061557
1.060438
1.059146
1.057626
1.057501
1.057237
1.056648
1.056528
1.056481
1.055819
1.054534
1.055038
1.055365
1.055548
1.055052
1.055209
1.055560
1.056141
1.056760
1.057581
1.058346
1.058932
1.059139
1.060040
1.060093
1.060893
1.060665
1.061592
1.062454
1.063404
1.064022
1.065726
1.067098
1.067268
1.068663
1.070035
1.071215
1.071442
1.072565
1.073841
1.074949
1.076395
1.077985
1.079287
1.080671
1.081732
1.083081
1.084951
1.085556
1.086515
