1.799954
1.799954
1.799954
1.799954
1.799954
1.799954
1.799954
1.799944
1.799911
1.799824
1.799506
1.798556
1.796459
1.793095
1.787781
1.781068
1.772222
1.761612
1.749937
1.735686
1.719689
1.701889
1.683105
1.662689
1.641883
1.620452
1.598074
1.575104
1.552706
1.528222
1.504167
1.479917
1.456964
1.433753
1.410107
1.389259
1.369686
1.349633
1.330396
1.313094
1.296516
1.278593
1.262551
1.246871
1.232659
1.218021
1.204976
1.192534
1.181501
1.170389
1.160520
1.151837
1.142873
1.134440
1.127948
1.120413
1.112718
1.106759
1.100633
1.095065
1.089573
1.084749
1.081004
1.077080
1.074039
1.071741
1.069258
1.067303
1.065389
1.063738
1.060801
1.059034
1.057129
1.056570
1.055015
1.054777
1.053217
1.051451
1.050427
1.049595
1.049469
1.049520
1.049325
1.048567
1.048743
1.048950
1.049083
1.048823
1.049240
1.049566
1.049805
1.050361
1.050688
1.051085
1.051551
1.053119
1.053679
1.053855
1.054024
1.054732
1.054806
1.055310
1.056579
1.057151
1.057793
1.059035
1.059627
1.061213
1.061853
1.063475
1.064304
1.065294
1.067132
1.069327
1.070657
1.071626
1.072525
1.073964
1.075658
1.077096
1.078272
