1.799954
1.799954
1.799954
1.799954
1.799954
1.799954
1.799954
1.799954
1.799925
1.799886
1.799590
1.798476
1.796178
1.792373
1.787256
1.780391
1.771393
1.760640
1.748061
1.733588
1.716610
1.698682
1.679455
1.658742
1.636849
1.612722
1.590018
1.565232
1.541182
1.516121
1.493354
1.468868
1.446069
1.422908
1.401158
1.380767
1.360007
1.340796
1.321172
1.303259
1.284800
1.268791
1.252811
1.238423
1.222894
1.210384
1.198206
1.187770
1.176776
1.167032
1.157559
1.149439
1.141045
1.132113
1.124875
1.118589
1.111849
1.105747
1.100444
1.096714
1.091864
1.088342
1.085191
1.082456
1.079866
1.077708
1.074614
1.071999
1.070150
1.068476
1.067470
1.065973
1.064798
1.062923
1.062142
1.060701
1.060070
1.059921
1.059601
1.059483
1.060018
1.059899
1.059585
1.059625
1.059826
1.059707
1.060418
1.060598
1.061392
1.062476
1.063105
1.063565
1.063793
1.064538
1.065863
1.067543
1.068270
1.070058
1.070713
1.071994
1.073078
1.074433
1.074575
1.075380
1.077046
1.078489
1.079424
1.080721
1.082392
1.083829
1.085263
1.085896
1.086776
1.088182
1.089423
1.091032
1.092779
1.093815
1.095212
1.097132
1.099717
1.100947
