131	114	4
98	191	5
216	120	3
94	209	1
245	94	4
27	150	3
118	232	1
217	25	1
53	268	4
19	193	5
98	280	1
143	87	3
206	10	3
66	194	3
20	176	2
252	138	1
53	225	4
187	146	2
286	15	5
117	158	3
184	116	2
45	191	4
91	178	5
278	49	4
9	205	4
6	108	1
263	279	4
159	71	2
228	117	3
23	295	2
77	268	2
152	74	1
22	233	5
92	224	1
31	223	4
189	121	4
163	123	1
289	139	1
271	129	4
130	96	4
26	250	1
108	259	1
275	16	3
101	192	3
233	59	1
180	113	3
147	142	2
277	235	3
169	25	1
105	297	3
157	122	2
20	211	1
265	63	3
199	87	5
8	204	3
242	92	2
122	196	1
49	187	1
44	191	5
9	146	1
279	90	3
40	250	4
129	125	3
91	139	1
5	255	1
216	128	4
235	5	1
1	247	3
189	37	2
174	9	2
143	0	3
221	236	1
18	237	2
93	220	2
198	144	3
162	25	1
170	115	1
92	292	4
188	20	1
285	5	2
224	66	3
161	96	1
71	96	1
250	87	4
255	27	1
241	99	3
150	116	3
30	257	5
281	32	5
224	101	2
159	68	3
235	97	1
6	237	1
200	94	3
247	263	3
214	29	1
103	184	4
218	148	4
181	148	2
234	86	2
180	104	5
19	168	1
248	62	5
106	248	5
136	188	5
1	253	1
236	69	3
239	36	3
203	114	1
68	248	3
231	93	1
125	268	3
257	59	2
287	253	1
156	0	4
141	147	3
214	147	5
219	142	5
265	107	3
266	27	1
121	264	3
90	279	4
138	32	1
168	134	2
214	72	5
41	224	5
13	39	1
52	256	4
205	0	5
137	112	1
166	100	4
193	126	5
228	80	4
4	289	3
270	82	1
137	111	1
210	121	4
267	110	2
22	113	3
158	115	1
116	263	5
32	128	1
263	68	5
176	120	3
156	38	3
222	253	5
12	298	2
148	80	5
1	275	2
217	48	1
71	165	5
154	221	3
30	247	4
232	96	1
195	97	3
200	61	3
64	283	1
110	261	4
278	92	2
231	149	5
193	58	1
260	74	2
21	226	2
101	290	3
77	224	2
273	291	1
251	12	5
129	74	3
137	121	3
258	124	2
265	239	3
6	197	2
99	263	3
137	78	3
32	44	1
50	267	4
88	286	4
26	146	2
230	98	2
178	101	3
148	98	5
195	108	2
30	152	2
94	211	2
69	251	5
46	250	3
28	298	1
86	285	3
110	227	4
63	188	4
155	108	1
22	150	2
36	250	1
22	48	4
23	252	1
163	107	5
43	234	3
101	198	4
284	144	4
83	295	4
281	148	3
279	120	3
229	61	1
284	10	2
18	280	4
280	105	1
163	35	4
106	274	3
272	229	3
148	96	3
80	227	2
206	123	1
45	189	1
193	171	1
70	253	1
40	271	4
198	58	1
32	161	1
203	65	1
278	95	2
195	86	1
119	164	1
72	217	1
107	260	5
49	164	3
221	52	1
274	100	3
39	223	1
216	79	3
158	86	1
175	27	1
176	275	1
178	115	3
265	78	3
263	146	3
226	188	4
255	140	2
204	9	4
197	131	2
129	144	1
22	253	3
271	23	3
131	107	3
139	255	1
208	100	2
118	260	1
272	117	3
33	289	1
198	107	4
153	152	1
260	3	2
147	134	1
186	241	3
171	85	4
188	78	4
55	282	4
58	290	3
40	264	2
182	160	3
7	166	1
4	110	2
6	202	1
68	59	2
83	180	4
273	4	2
200	90	5
115	193	4
132	32	3
104	259	3
12	193	4
101	178	4
240	38	4
66	157	5
195	42	2
57	278	5
287	78	3
192	101	1
1	215	1
63	248	4
269	13	2
60	272	3
170	96	1
157	238	2
131	59	1
72	257	1
147	91	1
150	128	1
154	214	4
199	45	3
107	243	4
255	114	4
279	126	1
177	32	1
47	201	1
212	88	3
216	136	2
84	154	3
58	285	5
41	262	1
11	260	3
113	228	1
0	250	2
71	216	5
219	134	3
250	118	3
283	10	5
152	96	1
199	23	3
110	254	3
223	27	2
254	34	2
283	1	2
198	109	3
146	112	2
180	80	4
251	121	4
115	110	2
180	90	4
220	142	1
101	77	3
143	131	1
75	201	4
174	19	2
192	119	1
209	104	4
213	8	3
219	9	3
240	96	3
112	277	2
244	101	1
135	78	5
17	230	3
220	21	1
52	291	2
167	98	2
56	199	4
275	103	3
183	13	4
137	68	5
127	235	2
236	248	4
84	233	4
16	227	2
133	186	3
255	79	3
1	220	3
214	108	5
259	90	2
117	121	3
252	95	1
274	6	4
115	248	4
47	250	2
109	126	3
8	159	2
143	80	4
21	251	5
23	189	4
57	250	3
156	208	3
181	100	2
264	98	4
20	269	2
262	77	2
253	84	3
207	45	4
111	289	1
204	26	3
102	226	1
264	61	1
270	96	3
43	261	1
146	102	1
286	144	4
48	253	5
189	101	4
152	114	1
72	294	1
81	151	4
77	258	1
12	252	4
36	272	5
123	256	3
35	61	1
109	252	4
91	119	3
110	251	4
151	114	3
132	96	2
167	120	3
287	100	1
151	135	3
95	288	5
269	55	2
9	212	3
140	100	3
183	137	4
69	200	1
37	99	2
122	215	1
65	269	1
154	210	4
228	129	3
169	74	1
228	107	3
172	117	3
28	292	1
21	260	5
157	6	4
268	50	3
46	251	3
91	227	4
130	117	3
2	155	3
248	28	1
185	13	1
237	192	5
12	150	2
188	138	3
1	249	3
112	265	1
160	0	2
246	26	3
172	164	1
269	132	2
94	213	1
82	229	3
199	79	4
161	168	4
232	87	2
65	186	3
268	85	3
174	130	3
132	141	5
2	138	1
90	159	3
220	105	1
53	158	2
65	214	4
79	259	4
21	292	3
74	179	1
128	115	2
71	104	3
85	133	3
98	260	1
152	100	1
226	145	2
242	112	4
258	2	4
278	129	3
266	98	3
71	254	1
160	86	1
188	139	1
180	107	4
53	28	2
33	243	4
211	98	3
152	26	1
56	268	3
256	97	3
210	8	1
19	298	2
152	69	2
177	137	3
102	237	3
73	248	2
68	260	3
219	113	2
255	26	2
259	97	1
273	19	4
12	183	1
221	38	3
65	203	1
165	175	2
169	89	1
85	49	3
264	140	2
78	254	1
76	1	2
139	77	2
237	132	1
87	249	3
71	42	4
84	254	4
7	289	2
24	226	4
181	56	4
216	27	1
187	0	4
147	0	2
282	90	4
203	129	3
96	260	3
96	172	3
141	149	4
270	101	1
142	34	2
236	250	3
226	267	3
105	180	4
285	122	4
245	103	4
72	236	4
166	217	1
138	83	1
278	35	2
191	101	3
229	87	4
198	99	3
26	152	4
5	226	2
286	96	5
216	101	3
179	131	2
145	110	2
196	58	1
82	248	1
239	120	4
179	117	1
58	195	1
226	71	4
144	7	5
49	212	1
236	251	4
164	281	2
248	149	1
124	217	1
87	182	3
172	142	2
251	49	3
70	270	4
273	9	1
276	78	3
215	110	4
262	131	4
269	58	1
205	29	1
287	71	3
253	290	3
189	126	2
19	273	2
72	295	3
181	94	3
146	90	4
167	100	1
67	195	1
254	12	2
151	107	4
86	242	2
63	218	5
277	248	4
26	97	2
21	248	2
254	97	2
270	292	1
57	167	4
150	97	2
94	159	1
5	297	4
213	271	4
50	213	3
248	132	1
273	68	1
179	138	4
198	1	2
145	97	1
93	251	1
234	145	2
164	238	3
148	27	1
259	92	2
240	139	4
39	255	1
256	144	3
148	56	2
76	232	1
211	178	3
242	89	3
117	24	2
228	139	1
225	91	1
93	6	2
102	241	3
163	27	3
108	232	1
167	141	4
184	93	1
76	257	1
19	254	1
278	82	2
57	226	2
180	78	3
270	78	5
226	154	4
34	266	3
82	247	2
171	109	3
62	204	3
10	288	5
216	140	1
97	247	1
72	234	1
165	186	3
180	110	3
40	235	4
227	85	5
206	73	3
121	81	1
215	112	2
163	286	2
265	92	2
279	32	1
23	195	1
271	86	3
105	244	1
42	45	1
123	254	2
281	97	1
102	283	1
252	120	3
205	290	1
164	69	2
143	137	3
255	112	4
69	30	1
276	171	1
117	287	2
8	231	3
152	127	2
43	226	2
264	125	4
118	276	1
153	128	3
270	106	1
172	49	2
179	148	4
178	67	3
146	89	1
103	226	1
284	37	5
117	282	3
41	164	3
285	134	2
248	4	2
215	80	1
51	193	5
286	147	5
114	274	2
1	174	1
232	49	2
261	120	5
167	92	4
85	248	1
132	102	5
59	199	1
110	249	5
181	20	1
83	257	4
120	247	4
256	17	4
183	19	4
72	285	1
182	99	5
286	97	5
262	117	5
265	0	3
153	72	3
198	97	3
136	114	4
24	262	3
103	247	5
6	251	2
216	8	2
56	252	4
207	20	4
272	105	4
135	36	3
20	102	4
171	219	2
250	180	1
3	114	4
127	294	2
44	226	1
198	123	4
109	43	4
235	117	2
145	98	2
201	91	1
244	215	1
37	154	1
287	120	4
134	141	4
35	144	4
260	134	1
244	90	2
48	234	5
105	194	3
156	97	3
100	141	1
254	131	1
142	41	4
64	173	4
289	96	3
104	79	1
115	214	3
178	207	1
182	64	1
113	222	1
89	90	2
95	79	2
240	70	3
28	236	2
117	229	3
124	195	1
243	97	2
281	130	1
45	203	2
261	0	3
107	224	1
136	148	3
243	78	3
230	0	4
68	256	1
13	31	3
155	94	1
182	100	1
236	189	5
227	145	4
199	33	3
259	298	1
30	250	3
241	101	3
101	252	4
161	144	3
70	259	1
267	125	3
0	251	5
75	244	3
10	247	4
61	201	1
87	180	3
289	137	3
206	131	2
200	9	4
8	275	1
115	280	3
58	136	3
55	254	1
200	122	4
258	13	2
88	212	4
0	247	4
227	82	2
178	129	3
69	6	2
176	92	2
253	231	1
84	234	3
169	171	1
178	44	2
9	248	1
22	247	5
19	227	2
194	129	2
38	228	3
161	118	3
114	270	1
120	239	1
49	271	1
174	154	1
99	173	4
29	294	2
90	230	1
248	8	3
124	203	3
189	123	2
93	262	3
195	127	4
280	14	1
93	248	2
107	266	2
41	232	3
119	249	2
53	83	4
36	56	1
251	31	2
63	47	1
127	228	2
122	177	5
240	47	3
169	105	1
276	111	3
2	164	1
167	35	1
98	234	1
12	167	1
146	68	1
117	284	2
48	235	1
60	128	1
141	43	3
189	137	4
231	92	2
139	73	3
118	241	1
289	124	1
283	90	4
227	111	3
264	144	4
229	136	3
36	261	2
248	79	3
178	102	3
121	193	4
14	225	4
110	0	4
242	138	3
194	0	4
153	105	2
0	227	5
256	125	3
132	90	4
236	98	5
32	247	1
113	292	1
89	146	2
237	98	3
203	91	1
157	196	4
0	234	3
36	246	5
209	82	4
231	97	1
35	67	4
166	118	4
56	284	1
153	228	1
242	12	1
21	244	2
238	124	2
127	244	2
220	16	3
217	138	5
206	77	1
142	241	1
173	13	4
93	195	1
272	206	4
189	122	3
102	254	1
106	192	3
154	42	3
162	139	1
22	154	2
28	227	1
34	257	4
111	115	1
55	244	2
174	120	4
5	296	2
214	103	4
222	100	3
283	133	4
110	231	5
133	113	4
138	48	1
261	134	4
147	46	2
74	203	1
91	149	1
164	213	4
118	230	1
143	12	2
271	58	4
267	163	3
200	97	3
169	33	1
208	126	4
162	125	2
64	229	3
24	286	4
140	71	4
164	206	3
78	280	1
237	99	4
172	106	2
202	79	3
161	97	2
43	285	3
278	63	2
281	95	2
177	113	2
42	190	1
265	49	5
15	264	1
155	88	1
288	133	3
190	102	5
76	48	1
168	143	3
244	184	2
187	86	2
170	138	1
173	201	1
237	116	4
71	142	5
86	187	3
9	177	1
233	289	2
180	103	4
10	229	3
278	19	2
68	72	3
129	59	2
131	96	2
105	282	1
133	87	3
69	280	1
182	111	1
47	260	3
238	264	3
257	45	3
59	198	2
192	20	1
19	98	1
109	178	2
10	254	1
236	111	5
258	122	3
77	253	1
234	134	4
5	250	1
12	239	3
75	256	2
34	184	2
176	91	3
82	226	2
241	52	1
267	139	1
41	214	4
97	257	3
66	255	1
273	75	1
52	295	2
209	99	4
268	78	2
47	152	4
222	141	4
147	48	2
123	287	3
97	195	1
125	205	2
199	30	2
111	23	1
35	259	1
266	78	5
202	99	4
125	244	5
262	134	3
57	227	2
51	226	1
40	286	4
113	291	3
200	100	2
151	103	5
208	5	1
3	270	4
76	43	1
278	147	3
225	177	1
23	159	1
210	95	3
125	284	1
42	256	1
107	298	1
177	210	2
45	135	1
190	189	1
240	85	4
222	88	4
80	269	2
113	243	1
55	201	1
212	83	3
227	143	4
10	166	5
179	100	3
90	253	1
203	196	1
211	129	2
243	90	5
37	295	2
274	36	3
247	29	3
65	230	1
266	120	4
123	201	2
110	230	4
77	279	5
92	227	3
252	136	3
163	90	4
108	267	5
176	118	1
176	0	3
128	144	4
76	148	1
205	250	1
287	49	3
183	52	2
60	219	4
258	175	1
168	3	2
122	257	5
202	96	4
248	20	2
249	214	4
130	99	3
196	149	2
118	255	1
278	115	2
29	278	2
86	100	1
247	137	4
18	225	1
175	124	1
284	226	2
120	270	1
30	219	3
245	146	4
235	106	1
145	74	2
59	217	1
224	144	4
206	106	1
15	270	4
126	102	4
106	269	2
255	22	3
142	138	4
126	280	4
72	175	2
216	7	3
248	77	1
274	133	4
106	131	1
193	13	2
22	230	4
134	98	3
218	114	5
140	49	4
186	146	2
253	101	1
165	49	3
272	247	3
245	110	3
11	227	4
27	226	1
97	227	2
224	88	3
126	18	4
221	284	1
59	269	1
283	176	1
164	103	5
30	253	5
283	147	4
75	252	4
130	97	2
208	149	3
224	60	4
241	25	1
233	133	3
7	283	4
240	172	1
146	224	1
73	263	2
77	193	3
125	202	1
134	88	2
104	138	2
183	69	3
107	72	1
60	229	3
134	96	3
242	116	3
201	7	1
1	223	1
191	16	3
282	142	2
38	230	2
138	137	1
115	148	3
207	97	3
225	245	1
193	7	3
216	76	1
256	49	4
196	51	3
257	138	4
169	80	2
219	118	5
289	80	4
252	81	1
287	144	1
35	258	2
270	136	5
115	246	3
84	174	4
157	266	4
15	213	1
33	277	2
273	125	4
219	25	1
131	153	1
53	110	1
195	100	1
289	294	1
226	82	2
191	100	3
11	230	4
63	125	2
273	120	3
10	271	1
160	91	1
166	22	4
183	126	3
145	275	4
172	102	2
143	149	2
154	246	4
276	90	4
200	83	3
87	263	3
84	272	3
215	96	1
53	105	1
107	242	1
76	109	1
125	232	1
247	1	3
164	99	1
56	167	2
232	18	2
107	264	3
143	79	2
239	79	2
221	120	5
244	137	1
16	185	1
164	240	3
70	231	5
208	74	2
85	253	4
139	13	3
193	115	3
212	34	3
282	97	3
22	187	2
245	104	4
210	111	2
127	201	5
245	88	4
17	272	4
116	248	5
106	212	4
0	273	3
176	130	1
210	100	4
149	49	3
78	258	1
66	224	1
204	100	1
74	226	1
67	251	1
155	100	3
11	259	2
276	149	1
47	269	3
230	88	2
172	138	5
35	260	5
249	232	2
273	46	1
0	235	4
64	150	1
195	99	3
256	101	3
148	0	5
116	193	5
167	142	4
282	63	3
287	139	1
16	231	3
128	24	4
128	133	4
69	234	1
120	189	1
188	117	1
112	279	5
31	167	3
264	71	5
122	164	4
175	132	1
152	110	1
51	224	3
125	55	1
213	92	4
2	272	3
105	256	1
121	224	3
283	38	3
239	90	5
54	272	3
55	213	2
27	218	4
229	120	4
45	235	2
170	19	2
89	91	1
257	8	2
36	269	5
80	287	2
81	252	5
225	247	1
201	31	1
147	63	2
0	136	2
81	238	3
42	179	1
25	264	1
187	90	2
258	189	1
110	291	3
43	263	1
237	143	3
273	133	1
156	69	3
289	44	1
11	255	1
113	234	5
256	56	2
23	174	5
116	253	3
80	242	1
88	275	1
111	154	1
15	273	5
19	249	4
108	297	1
217	106	1
127	278	3
244	126	3
45	246	2
95	228	2
77	239	1
92	228	4
211	100	1
16	254	1
289	48	3
66	202	2
246	110	2
52	263	5
265	36	4
94	178	1
275	144	3
218	78	4
104	273	2
20	132	1
48	265	2
178	189	1
66	294	4
250	142	1
11	241	4
228	144	2
232	115	2
138	82	1
223	272	3
118	236	3
156	100	2
218	94	3
156	92	4
194	123	1
165	138	4
78	232	2
32	199	3
208	114	4
57	160	2
284	185	2
8	166	1
122	264	4
93	155	4
222	79	4
84	243	3
249	98	2
177	39	1
223	111	4
1	217	1
39	269	5
253	238	1
60	290	2
60	264	4
185	75	1
89	218	1
198	103	2
162	102	2
248	69	1
235	80	3
137	19	2
80	291	4
90	167	1
207	141	5
283	139	3
216	96	1
30	217	4
195	85	3
287	107	3
144	147	5
160	4	3
54	273	5
35	181	3
204	50	3
16	280	3
168	1	1
47	244	3
14	219	3
231	131	3
222	94	4
275	279	1
63	251	5
63	226	5
133	99	4
121	187	1
109	123	3
2	256	2
227	129	4
145	38	1
261	92	4
237	104	5
17	192	2
38	224	4
55	228	4
203	99	3
245	101	4
79	232	4
243	7	3
100	168	2
153	16	4
110	256	5
220	219	1
241	77	1
264	21	2
82	252	3
65	211	1
283	99	4
112	242	1
6	248	3
56	276	4
130	133	5
84	223	3
114	299	1
174	141	2
148	99	4
193	139	2
137	122	3
259	98	1
87	178	3
252	123	1
114	271	1
51	273	4
28	170	1
15	292	4
277	265	5
229	100	2
253	102	1
170	5	2
144	133	3
9	200	4
286	0	5
221	4	2
116	249	4
37	168	1
268	260	4
127	250	3
83	268	4
89	155	3
165	70	2
249	35	4
97	18	1
189	202	1
269	103	5
37	188	1
33	256	4
173	73	5
256	0	4
98	262	1
197	97	2
5	241	3
104	67	3
40	254	1
251	40	5
66	158	3
204	101	3
120	290	3
154	146	3
14	251	2
92	290	3
172	133	3
192	70	1
171	88	3
25	271	3
204	10	4
167	152	1
46	101	3
239	113	3
70	249	4
204	133	3
142	174	1
180	129	4
65	267	5
252	113	2
160	31	1
234	105	2
152	82	1
96	188	3
270	99	3
262	115	2
51	258	5
169	86	1
19	213	1
172	99	2
287	101	3
46	155	4
162	28	1
105	277	3
195	79	3
241	55	2
48	266	1
263	67	3
173	101	4
252	87	2
273	49	4
8	250	1
76	162	2
148	89	2
131	76	2
186	126	2
79	174	5
275	146	4
137	131	1
168	0	5
279	133	3
17	204	2
140	131	4
222	97	4
6	298	3
90	288	5
167	46	5
14	237	3
212	18	4
203	149	2
182	82	1
100	150	1
68	247	3
194	101	3
172	120	2
237	31	3
112	226	1
234	108	2
158	107	4
84	262	3
66	211	4
106	178	4
81	182	5
231	101	4
159	217	2
140	54	5
119	287	1
126	247	5
192	32	2
149	36	3
263	104	2
226	105	3
286	200	5
141	108	3
61	175	5
82	250	5
57	173	5
284	162	2
272	130	2
83	234	3
203	81	1
18	180	2
96	195	3
3	263	3
123	294	1
112	252	5
166	97	4
214	109	4
159	99	3
214	133	4
225	213	1
198	106	2
25	189	3
102	232	1
87	266	3
200	101	3
189	9	3
167	68	4
41	276	3
252	79	5
238	56	2
278	136	3
1	201	1
95	227	5
286	148	5
119	283	1
280	98	1
202	127	4
191	8	3
217	112	1
103	218	5
127	231	4
36	208	1
277	205	4
149	137	2
48	279	3
227	81	1
43	257	2
46	226	4
240	50	4
64	254	1
14	278	3
85	161	2
93	188	3
34	252	5
65	183	4
155	292	1
60	292	2
109	242	4
22	123	4
5	260	3
213	248	3
93	206	1
204	142	3
26	252	5
6	265	3
194	139	2
249	11	4
187	126	3
254	272	1
43	250	4
78	247	1
100	298	2
92	234	1
271	80	3
258	62	5
56	165	2
159	136	3
264	100	2
36	211	2
122	161	4
27	259	1
64	225	1
158	108	2
269	107	4
101	112	4
64	268	1
108	233	3
148	135	2
270	95	2
9	278	5
63	220	3
170	112	1
90	129	1
158	109	3
187	295	3
37	231	3
130	58	2
82	197	2
90	224	4
175	16	1
168	200	4
205	3	3
265	100	3
103	171	5
148	100	2
81	160	3
109	203	2
106	206	2
13	157	1
76	37	2
132	4	5
233	25	1
289	282	1
40	176	3
25	47	1
7	193	2
128	141	2
129	146	4
91	167	1
231	275	3
20	48	2
268	2	3
21	249	3
1	233	5
93	252	4
132	10	2
161	90	4
86	252	4
135	192	2
10	105	1
241	11	2
262	99	3
172	87	1
237	8	4
48	158	5
145	77	2
180	96	5
238	254	2
43	269	3
30	189	4
244	120	3
127	169	1
220	184	1
258	64	3
45	159	1
167	101	2
85	219	1
144	131	2
201	30	1
54	196	3
119	243	3
155	96	3
169	28	2
109	103	3
105	259	1
12	288	2
15	244	2
192	10	1
36	245	5
2	255	1
74	229	1
255	30	1
259	9	1
262	119	3
131	99	3
208	1	1
29	172	3
229	156	1
74	156	1
146	21	1
191	63	2
206	115	2
63	263	5
218	96	3
247	124	3
202	75	4
4	251	2
197	171	1
121	213	1
80	249	3
20	179	5
43	236	4
223	41	2
105	150	4
61	290	2
34	242	3
83	255	1
149	219	2
171	97	3
70	230	1
267	96	2
187	49	3
59	232	1
52	236	2
87	297	4
69	248	1
272	212	4
28	195	4
154	154	3
38	232	3
271	100	2
18	284	1
75	254	1
198	0	3
235	121	4
235	147	3
132	100	3
18	273	2
113	173	4
263	171	3
93	157	3
144	119	4
246	68	1
95	262	1
273	36	5
86	227	5
11	253	3
76	198	1
107	230	1
69	249	3
126	97	4
157	12	2
87	169	4
212	133	4
154	291	3
24	232	2
5	258	2
60	256	4
174	48	3
63	224	1
190	96	2
223	39	1
29	211	1
140	101	3
225	147	1
275	134	4
177	49	1
241	43	3
212	162	4
133	77	3
239	121	3
257	80	5
6	262	3
229	203	1
54	298	4
195	101	3
77	252	4
256	67	3
76	52	2
67	250	3
253	105	2
214	7	5
245	99	4
262	133	3
289	21	2
116	227	5
269	0	5
44	197	5
55	208	3
35	237	4
92	260	5
40	259	2
235	85	2
180	89	4
274	80	5
94	296	3
139	110	3
202	132	3
271	27	2
166	142	4
242	24	1
154	25	3
206	99	3
110	226	1
181	101	4
90	150	2
228	253	1
176	97	1
195	84	4
6	253	2
80	224	5
224	61	3
87	195	1
182	157	1
8	109	1
188	27	1
79	276	3
51	298	2
280	48	1
221	88	3
152	105	1
16	250	1
192	24	1
238	266	2
251	123	4
51	30	1
40	159	3
10	28	1
215	35	5
262	102	4
171	101	3
7	240	1
252	88	1
57	291	2
238	30	2
139	238	2
50	77	1
194	104	3
38	242	2
269	95	1
35	233	2
45	178	2
252	158	1
36	186	1
42	240	5
212	138	4
261	143	2
243	120	5
45	251	1
79	287	5
260	8	1
154	90	4
78	271	1
109	183	3
145	36	2
187	96	2
187	104	1
260	120	4
42	297	5
278	100	2
118	248	1
110	257	1
244	130	1
7	293	1
219	96	2
171	80	4
268	120	5
141	86	2
212	123	3
173	77	2
222	103	4
129	56	2
76	12	3
197	113	3
277	7	5
284	48	5
137	80	3
260	32	1
191	0	3
146	33	1
123	284	1
278	110	1
160	114	2
149	231	1
34	248	2
227	114	5
5	293	4
141	21	3
239	133	3
200	21	3
128	58	1
22	175	1
196	82	1
225	184	4
201	14	1
6	223	2
207	143	3
127	285	3
218	247	5
13	101	3
84	219	3
240	76	4
92	175	1
120	254	1
11	246	5
241	124	1
67	247	2
38	35	1
24	237	4
222	83	4
19	279	3
125	273	4
156	102	4
48	167	1
41	221	4
214	100	5
136	98	1
183	182	1
210	101	2
270	254	1
2	236	5
225	137	1
90	251	1
229	143	3
14	197	4
2	268	2
91	197	1
89	21	3
173	130	4
150	98	3
32	229	5
263	291	2
26	4	3
11	66	2
27	273	5
73	264	3
86	246	2
258	24	2
16	259	1
238	102	4
242	6	1
127	281	2
55	277	5
267	99	2
192	92	3
122	272	5
113	205	1
5	109	2
166	149	5
29	275	4
124	286	1
166	88	4
43	235	3
110	106	1
37	228	2
48	247	2
77	31	1
229	114	3
33	226	2
171	129	5
150	89	3
98	246	1
266	112	4
62	291	4
131	83	2
145	9	2
95	58	1
88	257	4
23	296	1
102	229	2
0	188	3
77	226	1
247	110	3
175	137	3
132	101	4
102	257	3
279	61	1
175	4	3
198	86	2
83	135	1
106	177	1
107	227	2
227	97	1
77	247	4
238	58	2
179	290	3
264	86	3
51	189	3
230	71	2
60	174	4
209	107	4
107	246	3
63	247	5
14	256	2
182	236	2
190	129	5
211	102	3
113	258	1
227	84	4
159	149	3
132	117	2
245	0	4
231	113	3
156	96	3
22	250	1
162	58	3
137	149	4
49	244	5
11	247	4
42	289	1
68	246	4
83	221	4
145	100	3
268	103	2
72	293	1
233	4	3
189	96	5
224	139	3
52	43	2
125	187	4
107	295	4
138	87	4
157	258	5
248	25	1
163	298	3
109	75	3
237	145	3
52	260	4
198	74	2
133	121	3
253	132	2
3	227	4
144	115	2
239	116	3
272	257	3
224	71	4
84	294	4
201	88	2
167	133	3
38	285	4
215	129	2
63	143	3
50	179	2
148	58	4
288	142	3
261	40	3
223	143	3
120	252	5
142	280	1
209	29	3
204	84	2
60	189	3
173	29	5
283	48	3
221	68	2
214	132	5
197	102	4
80	293	3
4	99	2
244	49	2
272	243	4
210	108	2
13	5	1
94	170	4
201	36	1
94	295	2
126	96	5
100	91	3
227	104	3
81	248	3
136	146	3
121	237	1
39	231	5
35	229	2
60	34	4
13	205	3
285	137	5
81	184	3
28	251	1
192	102	2
274	97	3
35	241	3
229	97	2
257	143	4
57	209	3
25	239	1
162	67	3
212	141	4
209	103	4
223	74	4
94	247	1
120	176	1
170	30	1
66	282	2
20	12	2
201	99	3
179	9	3
18	249	2
181	2	4
53	12	2
23	84	1
22	262	4
91	297	3
222	86	4
285	136	5
220	66	1
194	80	5
50	152	2
271	56	1
203	137	3
185	97	1
183	63	5
51	167	2
161	146	2
179	58	3
240	97	4
146	19	3
254	6	3
280	107	1
32	264	1
23	203	1
12	212	3
202	88	3
54	161	4
264	97	5
173	110	3
117	236	3
225	97	1
220	267	1
100	268	3
259	35	1
133	222	2
172	101	2
169	134	1
107	263	4
166	120	4
86	248	3
121	252	2
75	168	2
105	230	1
119	270	2
231	94	1
49	280	3
37	199	3
0	266	4
168	117	2
143	102	3
83	123	1
195	98	3
54	197	4
19	264	2
74	227	2
153	235	2
182	153	2
23	233	4
179	49	5
47	283	3
276	108	3
162	99	2
279	10	4
196	103	1
188	146	1
196	80	3
174	134	1
66	220	2
276	156	1
62	183	1
88	217	5
236	249	4
265	133	3
88	101	1
59	252	4
243	223	1
27	284	1
102	46	1
111	237	2
133	97	3
34	253	2
239	124	3
18	287	2
227	142	5
113	184	1
63	195	1
105	298	4
112	268	2
246	139	2
232	30	2
56	299	3
286	183	5
165	143	3
270	137	3
112	221	2
89	81	1
24	289	2
284	282	1
99	203	4
139	100	3
207	72	3
206	129	2
151	102	2
58	33	1
241	68	1
192	110	1
36	175	2
209	110	3
140	99	4
206	97	3
134	142	5
231	141	4
49	259	3
242	0	3
29	238	2
234	125	1
64	284	1
59	253	3
200	98	4
57	287	2
126	252	4
50	296	3
2	252	3
213	79	5
274	131	1
58	88	3
185	27	1
193	119	4
179	97	2
53	3	3
236	78	4
193	90	4
157	95	2
212	24	4
170	114	4
112	191	3
100	116	3
147	76	2
277	6	5
99	162	3
283	149	3
224	0	5
20	159	1
131	62	5
281	77	1
99	268	3
19	173	5
102	251	3
136	206	4
73	250	2
123	170	2
92	257	1
102	122	2
184	119	4
91	228	3
246	4	3
228	88	2
148	108	4
82	274	2
169	144	3
50	58	1
59	159	1
94	231	2
181	99	3
219	75	5
63	187	4
88	261	3
154	21	4
90	249	5
65	208	3
9	171	1
136	97	4
170	8	1
193	110	1
228	0	5
192	50	1
53	22	1
31	278	4
172	88	2
205	118	4
13	150	1
268	3	5
186	143	2
199	141	3
107	267	3
27	184	2
156	98	4
244	249	1
17	266	3
51	200	5
270	103	4
30	216	3
89	133	3
210	116	4
73	232	1
109	15	3
190	287	2
153	279	1
187	102	2
248	103	1
10	131	1
62	257	4
271	67	4
168	141	1
116	273	3
268	104	5
82	284	3
33	238	2
272	146	4
203	146	1
23	204	2
259	39	1
3	296	4
43	279	3
186	25	2
19	167	2
13	7	3
247	92	4
67	229	2
99	156	3
155	109	1
166	87	3
202	76	4
159	120	3
285	88	4
288	0	4
49	155	2
269	63	2
248	129	2
194	131	2
176	99	3
114	279	5
192	126	1
66	169	3
196	85	2
142	43	4
4	274	4
234	110	2
280	75	1
145	123	3
163	155	3
149	149	4
288	141	3
64	213	1
83	164	4
44	233	2
97	229	2
265	75	2
23	163	1
122	173	2
41	271	2
49	154	1
149	91	1
42	174	4
93	223	3
250	144	1
150	133	3
61	234	1
207	44	3
136	89	3
56	88	3
39	278	5
32	254	1
246	76	1
190	79	4
49	238	4
250	124	1
277	172	3
8	210	4
239	85	3
128	86	1
41	281	1
136	144	2
59	216	1
18	171	3
249	55	4
151	82	3
34	81	1
184	122	3
111	170	1
27	199	5
55	223	1
193	59	4
26	163	2
96	258	1
10	168	1
262	78	4
187	71	1
246	119	2
151	83	3
10	248	1
46	199	4
47	290	4
72	220	4
222	74	5
216	5	3
99	207	3
183	118	1
116	244	2
73	18	4
146	61	1
188	99	1
20	214	1
30	214	2
201	10	3
70	247	2
196	138	2
46	248	2
86	132	1
263	140	1
78	167	5
266	125	3
151	104	4
162	124	1
248	2	3
114	262	4
77	153	2
21	155	4
118	243	2
171	102	4
209	137	4
226	107	4
102	234	1
282	36	3
178	97	2
240	0	4
210	120	3
215	148	1
111	240	3
258	192	1
227	107	5
223	220	3
11	258	1
51	58	3
173	15	1
253	14	5
20	16	1
39	238	2
23	218	2
286	4	3
20	108	1
4	226	2
100	185	1
158	260	2
245	85	4
186	90	4
61	103	1
185	11	1
100	165	1
75	253	1
24	290	4
284	191	4
270	149	1
203	143	4
27	81	1
259	130	1
183	44	4
65	284	1
81	239	4
149	68	3
53	176	1
279	36	3
28	249	2
131	113	1
168	71	1
133	148	3
112	289	1
189	36	4
22	220	4
26	213	3
210	114	5
110	252	3
74	212	3
15	298	4
145	0	5
135	0	4
56	217	4
115	59	3
62	237	2
64	179	1
97	241	3
233	214	4
216	42	2
155	136	2
120	241	2
288	232	1
46	252	3
161	0	3
53	259	1
96	247	3
215	122	1
107	67	1
246	50	1
125	264	2
209	102	5
47	255	1
201	77	1
149	75	2
11	229	5
33	291	3
163	131	3
116	260	3
108	250	1
224	100	3
128	27	1
70	78	3
2	222	1
192	46	4
108	228	1
251	58	3
142	224	1
187	134	2
281	131	1
135	96	4
80	279	3
59	168	1
52	226	1
111	256	3
80	270	1
10	274	2
240	101	3
247	76	4
71	47	1
247	283	3
82	224	1
18	183	1
143	122	2
87	267	3
25	260	4
53	219	1
283	24	5
6	250	2
129	49	3
44	253	2
126	240	5
256	98	4
266	158	3
241	31	2
197	70	2
48	249	1
7	196	3
129	103	4
100	259	1
73	151	3
142	146	3
179	125	4
63	157	4
99	188	3
168	7	2
26	75	2
17	154	2
151	79	3
103	284	1
61	278	4
36	274	2
203	82	1
285	121	5
220	20	1
37	274	1
45	161	3
267	74	4
46	157	3
64	297	5
142	90	4
118	174	4
201	2	3
243	168	1
185	146	2
14	207	2
252	126	2
114	170	1
240	26	3
238	59	4
94	215	1
144	61	2
89	99	3
215	131	1
176	102	1
250	122	2
33	63	2
184	101	2
265	143	2
210	104	4
106	249	5
1	285	1
276	77	1
3	252	3
72	246	5
169	16	2
272	135	2
105	224	1
102	253	1
239	145	3
201	121	5
196	56	2
284	58	3
117	76	1
166	32	2
62	252	5
179	102	5
279	134	2
119	281	1
117	224	4
177	166	3
83	166	3
194	110	1
92	100	1
118	229	1
204	90	5
41	158	1
44	246	2
73	152	1
89	232	2
170	131	1
173	123	3
105	253	2
204	147	2
101	246	4
157	128	3
255	24	3
129	27	1
122	253	1
288	75	3
175	81	1
84	246	3
41	246	3
161	86	2
274	140	2
131	14	1
228	103	4
70	256	4
271	237	1
128	77	2
37	157	1
232	100	3
233	118	3
120	281	1
5	256	3
223	75	2
16	158	3
162	182	1
276	109	2
126	176	2
164	4	2
126	253	3
226	298	2
4	242	4
54	293	5
24	73	5
176	149	1
54	159	4
176	239	1
165	187	2
82	122	1
209	11	3
13	51	2
152	141	3
286	94	3
282	57	3
92	232	1
112	241	4
149	236	1
44	175	1
147	120	3
171	77	2
268	71	5
247	66	3
287	27	1
118	250	3
209	85	3
144	77	4
215	124	1
237	147	4
65	200	2
259	57	1
26	285	2
190	147	5
260	62	4
135	129	5
239	272	1
99	163	3
211	115	1
174	99	2
82	253	1
204	30	1
224	122	4
281	144	5
215	76	4
27	278	2
173	102	4
189	99	4
71	212	4
108	8	1
61	254	1
145	212	3
106	273	4
152	31	1
244	133	3
272	133	4
107	233	1
85	149	4
197	138	3
148	129	4
87	279	5
194	86	1
75	247	3
61	291	3
190	123	3
86	228	5
133	49	3
240	84	4
226	132	5
97	260	1
46	205	3
43	273	4
88	152	4
122	295	3
200	32	3
21	253	3
87	285	1
138	85	1
267	241	3
145	21	1
286	244	4
164	234	4
206	32	2
10	170	3
272	219	4
241	13	3
149	61	1
234	129	3
144	141	2
199	25	3
53	278	1
112	280	1
191	157	5
191	99	5
161	7	3
165	246	2
134	91	3
157	281	4
284	130	3
275	5	3
21	237	4
69	292	5
42	173	4
237	276	3
193	262	3
157	197	4
87	158	4
157	163	4
16	282	1
154	97	3
86	250	4
266	100	2
78	187	3
202	102	4
49	186	2
139	101	3
179	86	4
209	105	4
26	103	2
164	59	3
289	115	1
233	42	2
191	104	5
280	63	1
26	140	1
60	284	1
143	59	3
193	123	3
38	235	3
80	260	1
146	46	3
1	236	2
117	123	1
139	172	1
221	136	2
54	203	4
266	294	4
162	137	4
197	77	3
116	32	4
73	235	2
179	80	4
138	91	1
38	125	1
30	10	2
5	143	3
188	0	3
77	188	4
282	39	3
163	44	1
183	1	3
134	137	3
273	290	5
22	249	4
243	171	1
260	71	1
69	263	1
269	138	2
96	233	5
178	125	5
43	271	1
79	183	5
143	98	4
154	0	3
37	150	1
282	112	2
71	83	1
122	285	2
4	284	1
148	21	4
243	0	4
71	74	1
128	18	3
155	107	2
19	253	4
184	0	4
269	87	1
129	100	2
56	136	2
246	78	3
41	151	1
278	9	3
58	274	1
166	33	4
215	84	4
53	25	1
254	38	2
152	80	3
159	96	2
170	81	1
117	298	4
54	227	4
32	168	1
148	140	2
61	268	1
175	102	2
206	100	2
54	270	2
228	77	1
140	120	5
91	259	2
145	119	4
232	8	3
229	206	1
23	246	1
260	119	1
62	273	2
0	281	3
152	16	2
236	94	4
183	143	2
222	84	4
148	20	2
58	250	1
62	175	1
142	7	3
222	102	4
224	124	1
69	162	3
246	134	3
151	94	4
35	247	4
265	48	3
289	119	3
263	196	4
206	144	3
213	77	1
254	24	3
170	17	1
98	291	1
95	259	1
124	176	1
231	181	1
24	230	4
103	259	4
265	103	4
92	230	1
160	125	1
35	182	3
241	123	3
178	98	4
285	235	2
277	293	5
19	246	4
60	72	1
284	150	4
211	3	3
76	175	5
183	25	3
280	102	1
221	122	2
267	129	3
121	256	1
70	156	3
120	224	1
103	36	3
109	165	4
249	34	2
267	101	3
35	235	4
45	196	4
210	113	4
254	100	1
153	210	1
212	95	2
53	84	2
93	187	2
288	118	4
226	109	2
198	100	2
128	99	2
192	162	1
208	57	1
228	8	2
202	8	4
199	8	4
83	274	1
185	137	3
188	129	1
271	131	2
186	98	3
98	229	1
269	123	2
53	21	1
225	236	1
81	167	2
261	142	3
73	62	3
62	233	3
73	224	2
232	88	5
191	26	4
204	141	3
68	253	4
150	24	4
157	108	3
260	0	5
52	284	1
251	61	2
68	144	3
158	162	3
124	151	3
255	36	3
150	119	3
173	100	3
241	61	2
285	81	3
9	235	2
57	284	3
285	7	4
269	85	1
206	43	1
199	104	3
61	233	5
131	110	1
276	91	2
69	224	1
235	96	2
280	191	1
31	265	4
245	98	4
131	102	1
99	214	4
8	215	1
216	125	3
186	283	3
223	115	4
57	133	1
142	116	4
39	280	5
62	161	3
284	140	1
184	254	3
77	180	1
135	142	5
114	173	3
247	108	4
27	68	3
208	10	2
41	243	1
236	80	5
113	209	1
15	191	2
82	167	1
178	27	1
46	246	3
123	159	2
59	264	1
51	247	5
113	199	1
236	113	5
190	105	4
202	26	4
129	143	1
227	125	4
247	77	3
75	166	2
190	139	2
118	30	1
226	104	3
74	253	1
173	183	1
37	235	1
162	97	1
119	66	2
103	244	3
277	80	5
248	130	1
260	9	1
153	248	1
186	133	3
176	98	2
126	100	5
75	18	2
288	97	2
61	265	2
14	260	2
164	112	2
20	206	1
178	83	4
99	291	3
46	60	2
80	294	2
98	290	3
99	248	3
194	121	4
207	147	4
0	298	4
85	164	3
198	98	3
200	68	2
29	233	5
40	287	4
62	224	1
124	254	4
234	107	3
280	10	1
150	126	3
58	247	3
269	73	1
33	170	2
244	142	2
234	119	3
179	96	4
124	196	2
151	105	2
275	88	3
136	129	4
219	107	3
177	36	2
55	260	4
234	139	2
72	226	1
248	94	1
186	96	2
260	148	2
38	253	3
221	112	3
214	84	3
62	168	5
36	203	5
183	60	4
105	226	3
46	168	2
115	234	3
33	248	4
22	195	3
216	44	4
197	106	1
199	146	3
32	167	3
188	97	3
250	95	1
283	58	2
51	229	5
118	231	1
81	247	5
34	287	4
283	39	2
61	251	1
16	215	1
32	253	3
251	135	3
255	51	4
125	182	1
97	251	2
96	246	5
26	168	4
171	251	4
7	274	1
245	96	4
253	137	1
80	246	3
163	142	4
28	216	1
261	90	5
182	98	4
123	155	1
129	25	2
92	294	1
20	73	4
223	110	2
140	21	5
208	134	3
75	251	1
140	132	5
87	186	1
37	246	2
100	288	2
104	227	5
204	47	1
45	286	1
2	169	5
52	290	4
179	73	4
172	72	3
171	93	4
93	288	3
59	176	3
119	56	1
79	299	4
219	100	1
246	117	3
126	99	3
213	254	5
23	150	1
242	49	1
191	165	5
14	264	2
171	89	2
253	152	1
42	273	2
97	92	1
104	251	4
191	53	4
86	262	5
46	81	2
131	146	4
97	68	1
79	74	5
237	100	2
192	174	1
50	56	1
261	99	4
25	283	1
248	109	2
160	82	1
73	199	4
139	103	3
149	19	3
114	249	2
211	251	1
210	129	3
209	83	3
174	98	2
168	171	3
155	149	2
215	133	3
97	14	1
213	2	3
71	295	5
200	49	4
17	151	1
274	173	4
59	249	1
135	108	4
263	141	5
44	288	4
142	67	4
160	77	1
207	61	2
79	253	4
228	131	1
166	109	4
52	240	1
103	179	1
283	134	4
83	172	4
153	4	2
229	149	1
230	80	4
277	266	5
266	138	2
117	8	2
46	299	4
57	267	5
248	61	1
141	26	2
105	165	5
142	83	4
214	42	2
138	94	1
73	220	3
2	265	3
171	105	4
131	123	1
169	20	1
56	297	5
14	291	2
57	205	2
251	146	4
146	111	2
182	119	3
3	237	1
259	234	1
10	232	1
197	137	3
276	110	1
175	149	2
74	168	2
218	77	3
247	99	3
29	247	1
274	71	3
194	20	1
223	80	5
38	271	3
33	267	3
190	97	2
30	158	5
59	286	3
20	241	4
211	25	1
94	290	1
244	92	2
83	165	2
187	105	2
112	195	3
250	101	2
44	239	1
201	96	1
243	143	1
271	85	3
78	24	1
15	194	2
205	240	1
287	92	3
241	97	4
111	150	2
224	142	3
73	253	1
230	268	1
15	176	1
214	5	3
167	237	1
31	210	5
153	107	4
225	262	1
76	147	2
104	186	2
28	237	2
7	297	3
31	178	4
9	178	1
138	101	2
196	135	1
42	167	3
74	225	2
58	288	5
86	259	1
156	101	3
139	123	4
57	245	3
249	100	2
221	199	1
217	108	1
185	275	1
163	25	1
52	297	5
42	250	1
147	75	3
186	134	3
240	59	5
115	138	5
51	179	2
84	150	3
140	80	4
155	147	4
109	105	3
34	276	2
47	281	3
150	76	3
259	10	2
109	35	3
149	97	1
59	289	1
74	200	5
113	250	1
215	100	3
251	209	1
7	262	1
15	296	1
118	238	2
61	296	5
194	82	1
135	79	1
70	252	5
83	194	5
154	193	4
244	63	2
29	221	3
59	207	1
257	117	4
82	150	4
251	92	3
131	7	1
185	142	3
273	102	4
162	0	3
73	280	1
61	261	1
123	268	2
150	121	4
233	139	1
205	262	1
73	155	4
155	137	3
19	150	1
14	293	3
18	194	4
68	198	4
127	264	4
44	91	1
86	229	1
175	20	2
38	263	3
124	166	2
27	248	3
139	98	3
272	14	2
20	35	1
71	218	5
174	35	2
78	218	1
168	294	1
146	42	1
117	100	3
119	246	4
258	8	3
78	249	1
195	87	4
114	229	2
208	37	2
278	111	1
146	20	2
109	41	3
140	121	4
17	235	2
234	102	3
224	21	4
251	110	2
203	138	5
31	291	5
276	100	4
120	234	1
256	139	4
167	91	5
119	156	2
181	8	2
257	86	2
142	134	2
205	121	4
119	297	4
58	233	1
120	257	1
257	12	3
251	11	2
62	217	3
35	248	2
163	236	2
181	144	2
38	247	2
129	102	3
91	33	3
47	284	1
140	137	4
282	75	5
160	112	1
265	19	2
155	97	2
113	196	1
225	162	1
255	121	2
110	250	2
215	31	1
266	144	4
44	251	1
158	139	1
138	84	1
247	122	3
282	118	5
160	137	1
256	102	4
205	231	1
123	292	3
262	137	3
122	299	4
217	24	2
63	199	5
28	242	1
132	97	2
222	147	4
267	194	3
249	144	3
214	17	2
191	116	3
28	150	1
107	236	1
267	97	4
51	161	3
134	119	1
184	109	3
255	144	3
132	99	4
118	235	1
268	29	2
243	136	5
267	103	4
162	100	3
135	282	4
182	38	4
127	283	3
250	139	1
194	100	1
63	250	4
74	255	1
35	238	3
193	3	3
177	232	2
264	81	3
206	45	2
282	98	3
53	92	2
83	15	2
151	99	2
25	259	1
55	182	5
223	109	1
203	86	1
108	171	1
25	241	3
15	197	1
133	136	3
116	229	3
130	27	1
147	58	1
208	142	3
125	200	3
60	28	1
45	292	2
184	70	2
228	71	3
257	25	1
96	259	2
43	270	2
262	87	4
231	22	5
13	176	5
127	269	2
157	169	4
176	178	1
217	92	1
30	153	4
56	223	3
178	86	2
267	0	3
145	103	5
281	147	5
6	210	2
261	290	4
274	83	4
254	86	1
173	103	5
196	15	1
269	130	1
128	210	3
179	120	4
126	248	5
238	158	2
151	198	4
80	298	1
225	90	3
281	124	1
275	0	5
16	226	1
87	258	1
21	241	2
159	101	3
152	275	1
122	216	1
126	105	5
258	201	1
180	112	3
185	101	3
48	282	3
105	242	1
261	149	1
200	120	4
238	15	3
287	91	1
277	24	5
265	91	2
39	264	2
267	1	3
68	258	2
102	255	1
149	9	4
28	290	1
242	133	3
12	40	3
172	100	1
151	149	3
197	111	1
139	147	4
203	147	3
157	120	4
220	49	3
253	184	1
97	233	5
2	244	3
190	84	3
130	138	3
196	64	2
13	103	4
34	262	4
114	285	1
106	200	4
218	106	3
79	243	4
192	49	1
38	290	3
246	47	2
128	49	3
100	209	1
213	157	3
277	196	4
126	224	4
249	128	3
24	248	4
106	277	3
24	253	4
143	97	4
47	267	2
212	33	3
237	84	5
238	181	2
218	292	4
58	289	2
164	248	4
10	262	3
82	298	2
227	176	1
20	280	3
169	49	2
25	185	1
221	256	1
282	213	3
24	241	3
135	99	5
23	228	2
57	239	1
186	37	2
0	246	2
190	86	4
116	279	4
181	275	2
241	122	2
218	79	1
220	87	5
149	48	2
247	97	4
8	170	1
280	79	4
5	254	2
9	251	5
114	231	2
13	94	1
90	178	3
233	79	5
282	91	2
213	148	3
286	145	5
37	251	3
246	70	3
68	188	3
168	37	2
82	227	1
52	228	5
70	255	1
9	228	5
44	22	3
153	274	1
98	264	3
215	146	1
141	13	3
279	68	2
86	224	3
130	78	3
24	227	4
211	125	4
77	246	2
194	88	1
4	252	5
117	18	4
89	187	4
181	138	5
165	148	2
49	215	4
284	123	4
39	244	5
9	209	1
64	285	1
0	259	3
235	141	2
97	224	3
108	268	2
6	144	2
246	9	5
121	282	4
135	105	5
72	129	1
205	104	2
17	213	3
28	246	2
41	168	4
44	187	4
39	271	1
273	134	5
264	115	4
109	47	4
94	293	2
230	84	1
3	249	2
103	252	4
127	225	4
205	267	1
144	135	1
103	251	5
76	250	5
12	11	3
19	290	1
243	146	2
54	170	3
88	213	2
211	187	1
95	174	4
207	33	3
233	286	1
189	59	2
17	238	3
109	292	3
262	90	4
188	98	3
132	49	4
73	286	1
95	8	1
49	176	4
41	250	1
166	98	3
197	124	1
113	165	1
124	243	5
252	91	1
38	295	3
58	120	3
232	27	2
53	254	4
284	116	4
181	27	2
126	262	5
242	54	2
99	251	3
108	254	1
41	183	3
153	118	4
34	286	2
114	193	5
92	237	1
62	250	1
233	294	1
245	109	4
36	65	1
150	84	3
133	85	4
211	18	3
139	52	2
121	150	1
288	35	1
259	61	1
10	242	3
233	68	3
125	65	1
104	282	1
46	184	4
12	259	2
11	231	3
173	0	5
219	35	2
210	94	2
255	98	3
268	45	3
120	227	5
61	249	3
171	164	4
98	231	1
148	76	3
185	131	1
71	13	2
4	246	5
176	58	1
60	115	2
94	201	3
67	246	3
3	282	4
6	295	4
156	9	3
160	104	1
103	250	2
220	108	1
65	196	3
9	249	4
96	250	3
212	102	3
199	24	3
222	0	5
37	220	1
140	19	3
110	228	4
40	155	4
280	109	2
19	214	4
126	101	4
280	46	1
151	112	4
176	137	5
201	85	2
52	294	1
288	99	3
150	136	5
289	27	2
275	114	5
173	43	4
151	98	3
46	249	2
211	137	3
179	133	4
104	23	2
243	248	1
98	256	1
283	46	2
206	86	1
14	152	1
121	227	1
235	102	4
273	143	3
185	96	1
186	101	3
16	187	4
162	56	1
146	99	1
268	123	3
18	172	3
140	66	4
148	139	3
0	220	3
207	68	4
90	82	1
262	97	3
251	148	3
89	290	3
128	78	3
24	236	4
165	154	3
233	226	1
120	173	1
127	241	3
168	148	2
53	116	4
70	258	2
103	266	5
244	99	2
214	99	2
126	263	3
130	121	3
227	88	4
26	259	2
23	249	3
289	98	5
188	90	3
44	247	2
261	137	3
183	79	3
217	42	1
238	235	3
152	58	1
67	213	1
126	148	3
128	74	4
0	171	3
278	94	1
115	221	3
41	179	4
12	273	2
0	236	4
85	271	1
262	142	4
59	228	2
189	74	2
85	197	4
28	226	1
107	239	1
160	119	1
157	273	5
45	193	5
232	74	2
13	198	3
67	226	2
254	103	2
239	29	2
271	145	4
19	263	2
78	284	1
274	119	3
19	161	3
166	187	1
196	5	1
258	29	2
253	191	1
237	66	5
95	115	1
200	40	3
21	121	3
281	84	5
123	213	5
230	138	4
103	155	4
220	92	2
83	31	1
151	219	3
84	258	1
119	264	1
276	94	2
12	119	3
258	269	1
115	249	4
43	272	3
220	136	3
44	174	5
257	27	1
152	22	1
245	288	4
123	224	2
119	250	1
207	42	4
86	243	3
31	219	4
194	147	4
106	242	2
88	78	1
249	103	4
74	256	3
9	172	5
143	148	3
51	249	3
76	155	1
209	20	3
34	272	2
62	239	1
138	90	1
157	249	3
180	202	2
210	82	3
47	18	4
24	284	2
138	126	2
31	254	3
80	254	4
27	182	2
147	118	4
85	283	1
179	129	3
30	295	5
220	71	1
209	141	4
36	266	5
194	144	2
135	109	1
132	103	4
177	9	5
194	77	1
101	206	2
271	97	2
102	224	2
229	142	4
222	101	4
147	49	2
129	97	4
198	271	3
240	110	4
78	184	4
62	249	3
228	97	2
32	246	5
48	284	1
232	108	3
114	157	1
98	248	1
239	131	4
84	214	4
101	233	4
171	106	3
159	75	3
187	100	2
181	12	4
285	126	4
42	226	2
59	283	1
7	242	1
2	162	2
39	291	4
88	26	1
194	120	4
183	122	2
167	288	1
240	102	4
263	156	2
210	102	3
191	96	4
197	166	1
134	226	2
144	0	3
82	242	2
16	252	5
159	32	1
127	55	3
112	214	3
23	156	1
159	102	3
100	186	1
275	122	3
188	125	1
144	84	2
50	204	2
104	226	1
242	98	2
112	215	1
270	87	1
141	124	1
207	57	3
75	246	3
195	96	2
161	59	2
122	275	1
201	140	1
16	162	1
176	133	5
271	19	4
90	213	2
205	198	1
17	153	3
60	178	3
256	36	3
7	298	1
213	71	4
190	142	5
15	152	2
8	201	1
14	26	2
285	146	3
276	104	2
224	27	2
174	57	2
285	102	4
108	287	1
143	51	4
133	98	3
221	59	2
232	83	4
187	101	3
17	253	3
121	263	2
260	75	1
188	80	4
270	129	2
184	127	4
281	79	1
275	1	1
218	89	4
137	0	3
191	102	4
241	208	1
53	193	5
196	21	1
65	231	4
31	290	3
57	191	2
39	292	4
159	23	2
2	281	2
101	223	4
192	142	3
274	51	3
55	250	2
7	159	3
187	44	2
76	270	1
182	0	3
39	272	5
133	100	2
222	98	4
208	9	4
55	279	3
78	293	1
197	80	3
180	72	3
4	102	3
162	27	1
85	156	1
18	297	5
49	177	3
215	95	2
211	0	4
199	117	3
250	131	1
153	222	1
115	241	2
256	86	3
65	255	1
258	235	1
202	146	5
204	24	4
223	107	4
65	295	4
45	218	3
126	242	4
183	105	3
103	175	2
13	30	3
70	250	5
5	253	3
73	257	3
111	99	2
62	191	3
165	220	2
191	263	3
69	247	1
12	224	3
91	88	2
247	136	4
153	47	1
134	112	5
136	93	2
25	242	3
177	61	2
161	98	2
227	106	3
44	130	1
164	184	3
85	199	5
230	49	3
214	12	5
147	90	2
262	98	4
141	53	3
235	88	2
248	81	1
92	296	5
140	97	4
47	265	3
29	208	2
100	231	4
47	2	3
277	296	5
166	141	5
268	105	2
49	298	3
232	98	2
137	71	2
17	194	3
219	79	4
8	253	4
256	174	1
259	96	2
243	131	1
192	35	1
265	96	2
88	209	1
259	245	1
113	217	1
156	99	3
68	250	4
39	235	4
288	134	2
145	151	4
164	77	2
152	78	2
278	113	1
102	133	1
29	267	4
289	64	2
44	294	1
91	247	3
47	171	3
186	99	3
100	174	1
1	292	1
81	199	4
193	96	3
185	241	1
32	226	1
120	288	5
122	203	4
138	79	4
33	234	1
182	83	2
260	46	1
124	232	1
284	20	3
106	298	2
165	7	3
254	102	2
279	19	3
39	157	1
14	255	3
163	246	4
39	279	5
72	178	1
15	189	1
175	120	2
232	95	2
289	58	1
289	50	3
153	167	2
42	192	1
45	86	1
130	115	2
179	115	4
184	14	2
31	50	2
28	239	1
40	167	1
28	188	2
258	6	3
180	142	3
71	197	1
240	1	4
14	170	3
217	34	4
199	120	3
267	144	5
267	123	3
141	63	4
156	119	3
60	140	2
225	41	1
174	90	3
263	195	4
19	159	1
38	244	3
265	109	4
182	101	3
141	30	1
159	176	2
132	68	5
49	264	5
44	252	4
88	210	5
173	147	5
175	100	1
1	296	1
220	89	1
160	29	1
64	263	3
233	186	2
185	99	4
264	38	3
127	284	2
132	58	1
245	111	3
125	207	4
43	153	2
234	21	2
261	71	3
22	252	5
65	229	1
36	207	1
221	91	3
13	173	4
238	188	3
203	83	1
235	71	2
218	14	3
101	277	3
271	93	3
71	111	1
266	86	3
246	102	3
258	78	2
262	147	3
177	91	1
180	81	3
37	137	1
114	230	1
127	253	4
20	161	4
236	253	4
98	237	3
287	58	1
156	140	2
63	292	4
7	225	1
40	278	2
184	137	3
154	282	4
269	70	1
52	235	2
83	256	2
205	211	1
131	6	3
31	281	1
66	236	5
139	43	2
0	150	3
32	252	4
28	159	1
238	258	2
183	90	2
184	98	3
208	120	3
116	259	3
155	87	2
255	142	2
17	261	2
27	155	3
218	95	4
27	294	1
130	0	4
212	71	3
270	77	1
28	293	3
131	97	1
42	261	1
202	137	4
275	26	3
57	218	2
10	264	2
96	177	3
205	181	1
154	224	3
201	135	1
124	264	2
6	282	1
252	110	1
121	155	1
11	18	4
275	118	3
140	25	2
16	159	1
157	102	3
9	246	3
97	98	1
29	175	2
283	35	2
46	284	2
165	9	3
99	201	3
78	246	2
208	61	1
60	124	1
257	7	2
194	84	2
138	39	1
229	99	3
89	101	1
117	0	4
45	229	1
274	69	2
40	172	3
239	117	2
7	253	1
222	136	5
249	99	3
4	230	3
102	284	1
41	254	4
260	126	1
86	244	4
114	204	1
230	78	2
29	274	2
66	265	2
48	179	4
181	106	4
111	175	1
43	287	3
73	227	5
54	154	1
115	250	2
2	266	1
282	141	4
85	125	1
119	183	1
96	269	1
69	178	1
183	92	3
122	95	1
64	235	4
139	99	4
266	49	3
40	249	4
282	163	3
135	114	4
3	186	5
160	32	1
65	158	1
177	4	3
79	151	3
231	98	1
286	108	4
125	154	1
232	76	2
286	98	5
81	158	3
72	58	1
45	281	1
204	66	3
85	239	1
282	10	3
79	252	5
0	252	3
118	52	1
54	229	4
88	147	1
274	81	1
138	104	1
283	96	4
35	227	5
115	263	4
261	96	2
12	226	1
105	294	4
113	233	4
262	118	4
245	105	4
187	261	2
95	255	2
265	90	3
87	296	3
219	86	2
210	89	2
14	265	2
279	39	1
44	295	5
9	227	5
276	0	5
145	253	2
152	140	1
206	58	1
133	96	3
56	101	4
12	203	3
248	13	1
115	217	2
247	49	4
103	293	3
204	88	1
123	234	2
169	19	2
120	75	1
213	99	2
80	277	2
218	82	2
138	75	1
229	49	4
186	102	3
183	141	2
117	67	3
189	139	2
163	96	1
202	291	4
40	243	3
227	86	4
17	224	5
134	169	1
17	177	3
144	80	2
160	108	1
94	101	1
277	255	5
32	288	1
54	290	4
104	20	2
68	251	2
27	197	4
21	255	4
164	144	2
282	9	3
287	145	1
120	283	1
70	299	5
90	229	2
119	229	2
54	230	2
263	43	3
286	99	5
110	243	4
89	129	4
170	62	5
174	101	2
1	251	2
76	64	2
159	283	3
124	190	2
89	235	3
178	261	1
263	92	3
162	121	1
221	93	4
263	136	5
236	247	3
253	96	5
28	218	5
120	206	1
29	201	1
76	7	1
108	251	1
232	90	2
58	121	2
187	136	2
247	74	4
185	149	1
46	165	2
200	102	3
254	80	5
150	21	3
198	139	3
22	69	3
92	34	1
123	153	1
172	224	1
112	232	1
170	2	4
136	145	4
39	166	5
205	4	1
31	237	1
212	149	2
280	137	1
181	67	3
29	240	4
245	95	4
232	127	2
231	119	1
81	82	2
23	215	1
14	159	1
285	82	3
31	177	3
167	149	2
211	139	1
203	145	4
102	66	1
47	223	4
17	249	2
187	110	1
81	154	2
248	125	3
56	120	4
213	27	2
25	21	1
74	270	1
277	188	4
256	27	2
104	260	4
43	237	5
52	292	4
177	101	4
153	188	1
274	34	4
175	121	4
32	203	1
197	66	3
220	147	2
284	72	1
73	234	2
239	89	3
208	99	3
10	249	5
277	82	3
147	4	2
256	96	3
264	119	3
168	256	1
3	222	1
261	48	4
271	64	3
163	293	5
33	252	2
199	137	3
5	295	4
203	98	4
231	36	3
93	284	1
147	141	3
244	134	1
175	125	2
59	155	5
21	238	4
117	234	2
135	82	1
90	203	2
252	0	2
125	286	3
269	144	3
208	118	1
151	84	4
257	103	2
72	231	1
283	14	2
240	88	3
134	29	1
9	247	2
254	99	2
240	99	4
125	281	3
56	183	2
60	298	2
75	255	2
243	126	2
140	88	3
34	229	4
36	294	5
256	129	3
217	41	1
116	224	5
199	148	4
175	21	1
78	236	4
31	274	1
91	212	5
96	252	5
171	81	4
47	237	1
153	269	1
223	126	3
274	42	2
219	4	4
81	77	3
79	229	5
84	218	2
237	0	4
155	159	1
24	242	4
167	90	2
3	187	2
109	278	4
144	108	5
157	200	3
98	241	3
175	103	3
93	249	4
148	42	5
276	1	2
269	74	3
214	115	2
135	83	2
223	77	1
263	285	3
134	120	4
119	299	4
8	298	1
159	49	4
16	221	5
1	124	1
31	229	2
75	237	5
19	297	4
196	90	2
233	181	1
37	292	2
258	47	2
198	125	2
64	289	1
213	244	2
103	248	1
234	265	3
89	212	4
245	81	3
90	268	1
97	36	1
218	109	3
23	205	1
192	36	2
194	99	1
174	133	4
40	210	2
214	56	2
197	21	4
174	0	4
205	5	1
288	137	4
254	101	3
141	15	1
170	139	1
41	249	1
134	102	2
257	82	3
42	209	3
232	4	2
276	127	3
27	157	1
209	26	4
253	53	1
172	131	1
183	149	2
38	233	4
141	102	4
67	125	1
116	178	4
113	180	1
81	165	4
130	100	4
121	288	1
184	147	2
285	143	2
155	145	2
134	149	1
158	99	3
278	32	1
231	139	2
243	138	2
222	108	5
136	79	1
50	206	2
280	44	1
252	78	2
127	237	4
21	246	4
71	247	5
235	288	1
97	231	1
137	100	2
57	198	4
190	100	5
123	158	2
225	238	1
250	111	1
120	208	4
11	226	2
219	83	1
271	101	4
4	240	3
144	142	1
200	143	3
130	87	4
209	28	3
115	253	2
107	231	1
182	96	1
134	100	2
26	136	3
133	112	4
25	71	1
145	93	4
226	257	2
70	251	3
48	221	3
106	246	5
196	113	2
223	86	1
198	129	2
18	176	2
159	58	2
288	32	1
167	61	1
25	199	5
118	288	3
118	101	1
134	121	4
216	137	2
242	20	2
43	294	4
219	97	1
56	181	1
130	80	4
289	78	3
66	275	4
149	101	2
227	79	2
75	223	2
236	182	4
201	80	2
189	132	4
181	58	5
124	181	2
162	19	4
80	79	1
12	248	4
28	187	2
64	241	3
166	224	1
116	258	1
170	87	4
149	0	3
91	164	3
267	25	3
1	252	4
182	36	4
64	237	3
52	276	4
69	206	3
281	146	2
121	278	1
224	136	4
202	120	4
245	97	4
67	161	2
14	205	2
129	89	1
178	100	3
38	283	3
212	94	2
10	246	2
208	101	1
185	120	5
11	248	2
71	159	5
60	299	1
151	0	4
247	88	2
95	2	1
80	232	2
25	208	3
257	118	2
57	193	5
13	166	5
124	198	1
32	239	1
286	167	4
126	249	3
81	249	5
134	219	3
249	27	1
202	20	4
243	37	2
191	299	5
159	133	3
77	167	1
160	34	1
259	49	3
32	248	4
265	99	4
209	96	4
192	58	5
204	130	1
139	82	4
50	140	1
58	229	4
216	4	3
133	80	3
142	130	5
70	241	4
51	254	2
272	113	3
176	141	2
171	0	5
22	231	5
3	203	3
245	83	4
239	110	3
254	244	1
14	296	5
231	115	3
79	264	5
20	101	1
49	199	3
0	248	4
273	119	4
175	275	1
193	129	4
101	162	3
67	155	2
92	266	3
31	250	1
257	42	1
286	102	5
129	71	4
238	156	2
136	112	3
40	184	3
189	49	4
173	22	1
197	108	2
169	119	1
79	288	4
150	143	3
276	80	4
130	37	3
253	46	3
112	105	1
270	141	2
288	10	3
243	121	4
122	191	3
190	103	4
188	126	1
46	227	3
200	276	3
86	237	4
164	293	2
114	181	2
271	125	4
85	211	1
157	40	2
220	100	1
57	190	4
285	103	4
103	197	5
97	31	1
16	220	1
128	129	2
2	228	1
23	238	1
212	4	2
192	76	1
204	110	1
1	84	1
79	47	3
209	101	4
67	252	5
29	277	1
42	267	4
101	188	3
150	33	4
195	80	4
18	216	1
61	264	1
257	87	5
157	100	3
275	138	4
106	237	5
35	244	2
45	272	2
90	200	2
35	252	5
217	125	3
34	201	3
125	292	5
220	224	1
68	254	1
139	55	2
80	236	3
18	298	2
2	165	3
213	123	3
230	79	3
171	99	5
264	116	3
178	160	1
86	55	1
50	221	2
96	239	2
223	228	3
232	109	3
2	185	2
128	51	4
97	230	3
98	250	1
154	158	3
109	142	4
125	257	2
254	148	2
87	199	3
161	205	2
73	154	1
272	65	2
72	206	1
75	225	1
163	294	2
94	236	3
24	238	4
150	99	4
15	121	2
25	156	2
233	85	1
199	62	4
66	233	3
125	215	1
190	85	4
152	98	5
47	279	2
70	229	2
50	294	1
71	117	2
251	52	3
147	19	3
217	39	1
287	102	2
136	133	2
89	111	1
272	122	3
33	231	5
158	299	2
262	105	2
207	243	4
193	146	4
283	32	2
249	1	2
288	40	2
13	17	3
66	278	2
263	81	2
38	248	4
90	272	2
239	134	3
195	103	3
245	115	4
66	199	5
280	99	1
279	58	1
177	35	1
83	233	3
81	242	5
284	118	2
167	137	2
146	10	3
162	70	1
68	252	4
211	101	5
185	8	1
140	117	3
244	162	1
189	34	3
264	103	5
91	273	1
232	102	2
261	119	2
21	67	3
93	233	3
171	95	4
158	217	1
207	117	3
145	172	2
143	101	3
197	110	5
148	115	3
32	157	4
172	128	1
244	266	1
167	126	1
119	46	3
80	251	2
11	77	1
232	141	2
135	85	4
111	180	1
259	141	2
262	104	3
73	266	1
226	172	2
122	271	3
72	239	1
68	154	2
230	100	1
50	150	2
52	229	5
42	171	3
67	253	2
102	250	5
160	116	1
128	12	2
95	278	4
125	177	2
111	199	2
165	109	4
52	258	1
97	252	4
78	241	1
5	246	3
278	140	1
164	66	2
43	291	1
215	141	4
4	247	3
52	241	1
118	33	1
64	178	1
249	0	2
112	238	3
276	134	4
285	25	1
189	80	3
123	280	3
154	134	5
54	195	4
138	130	1
70	228	2
241	21	3
144	58	1
211	71	3
42	200	3
52	264	2
203	148	2
104	140	2
148	175	1
216	113	3
214	78	3
278	40	3
58	71	3
42	290	1
77	229	2
63	1	1
185	102	3
233	70	1
64	200	4
158	104	3
36	253	2
108	198	3
95	247	4
270	86	2
170	1	1
36	291	5
20	145	1
215	79	4
266	23	1
14	156	2
34	236	2
20	160	1
27	252	3
272	104	3
13	159	3
251	54	5
5	282	2
217	59	1
109	93	4
152	121	3
10	243	3
184	237	2
117	200	5
155	0	2
147	126	2
167	118	4
99	220	3
203	142	3
166	289	1
41	257	2
109	143	4
189	25	2
118	187	3
264	0	5
140	0	4
107	258	1
231	95	1
1	262	2
285	132	2
264	120	5
88	226	1
11	228	4
181	217	2
270	104	1
21	229	4
190	101	5
192	134	2
55	174	2
207	146	3
119	254	1
217	99	1
181	142	3
253	116	1
180	101	4
53	192	4
170	85	4
284	68	3
233	53	2
182	102	1
130	129	2
201	21	1
122	297	4
21	230	5
33	276	1
266	148	3
231	138	4
69	295	2
33	298	1
205	11	2
137	142	3
151	60	4
282	137	3
221	105	3
11	249	4
219	10	4
95	252	5
100	142	1
229	101	3
280	143	1
162	98	1
158	129	3
254	133	2
159	98	4
280	145	1
121	196	1
201	73	1
224	97	4
136	102	3
173	52	3
278	142	2
7	168	2
252	215	1
178	208	1
279	9	2
268	142	5
161	27	1
12	290	2
76	27	1
227	87	5
249	77	1
82	244	3
204	118	4
264	40	4
74	167	1
4	249	4
64	159	1
237	101	2
73	182	2
273	61	1
64	155	4
207	144	4
40	228	5
256	58	3
49	200	3
234	118	2
281	93	5
101	247	3
173	159	1
146	2	3
10	287	4
8	174	1
95	125	1
30	150	4
92	238	1
163	119	5
161	99	2
261	9	1
244	141	2
274	0	4
161	143	4
84	168	3
186	47	1
251	59	2
17	299	3
284	69	2
128	87	5
135	113	3
67	208	2
181	80	3
4	237	3
221	121	3
51	75	5
43	242	3
105	151	1
255	34	5
100	191	5
148	173	1
21	233	3
71	252	5
265	120	2
254	51	3
75	295	2
272	296	1
197	19	3
111	239	1
154	143	3
246	120	4
81	251	5
55	261	1
267	271	3
12	227	3
231	130	2
110	207	3
12	297	1
115	282	2
55	154	1
154	179	2
276	87	4
288	102	3
263	229	4
284	247	1
256	120	4
66	174	4
208	60	2
197	101	4
263	250	5
151	137	3
253	50	2
242	135	4
267	102	4
101	183	2
252	94	1
195	88	2
38	226	2
181	97	2
161	102	3
96	254	1
252	100	1
170	55	1
286	258	1
264	139	2
81	267	4
3	181	1
280	97	1
58	223	1
279	118	3
218	72	4
100	225	1
116	257	5
147	35	2
200	91	3
215	137	1
195	77	3
168	120	5
282	120	2
135	89	1
237	102	1
100	170	1
133	145	4
111	127	1
244	0	3
41	161	3
86	255	1
228	100	1
101	2	4
4	180	4
61	292	2
24	263	3
264	56	3
210	62	4
79	182	4
52	249	1
28	197	1
89	291	4
191	147	5
270	297	3
50	76	1
87	289	2
48	291	5
277	208	4
172	80	3
259	133	3
230	111	2
39	266	5
176	143	2
123	262	5
168	123	1
86	231	5
242	148	2
236	83	5
54	256	2
13	1	3
139	15	2
236	215	5
100	179	1
191	97	3
234	99	4
65	192	1
173	57	2
134	33	4
142	25	2
177	0	5
251	245	2
67	159	2
223	71	3
57	238	3
16	285	1
172	292	1
211	78	3
69	291	2
211	144	5
215	74	2
287	138	5
55	252	4
10	250	1
158	38	2
121	246	1
122	223	3
243	133	3
75	62	4
238	112	4
208	129	3
279	98	2
241	137	3
161	134	2
163	95	3
13	286	3
22	298	4
138	127	1
242	34	2
162	202	1
71	145	1
223	106	4
233	90	3
200	99	3
162	96	1
52	180	1
270	110	1
176	126	1
78	224	1
45	249	3
213	103	4
121	244	1
287	67	1
194	148	3
76	211	1
3	276	3
209	88	4
37	284	1
240	119	4
67	264	2
4	185	5
77	255	4
49	258	2
78	239	2
205	38	5
59	82	1
286	81	4
96	262	5
89	108	2
93	52	1
112	266	3
8	243	4
200	132	4
262	91	3
41	299	3
0	269	4
133	93	4
54	285	2
2	176	2
149	4	2
95	233	3
216	1	3
187	59	2
287	103	1
175	98	5
96	240	4
64	153	3
6	247	3
132	118	4
31	222	3
224	98	5
217	102	1
88	248	2
90	212	3
255	33	3
20	72	2
84	267	4
110	262	3
56	155	3
103	227	5
224	137	4
56	49	2
230	286	1
114	169	3
47	278	4
8	150	1
231	28	2
172	98	3
271	144	3
26	242	2
237	21	4
112	233	5
44	268	3
161	40	2
169	279	1
269	102	4
161	126	3
184	144	3
98	244	1
207	127	3
279	99	3
12	161	3
69	290	1
115	153	3
266	115	2
289	125	2
93	175	1
211	99	2
279	40	2
7	268	1
142	133	2
69	212	1
69	197	1
48	157	3
156	221	3
226	93	3
204	70	2
107	254	1
190	108	3
51	120	5
40	248	2
200	146	5
149	99	3
255	120	4
141	148	4
234	77	2
165	251	2
279	63	3
210	71	3
212	118	3
271	44	2
51	153	3
82	23	2
18	166	3
266	117	5
89	15	2
88	58	1
158	0	4
285	96	4
121	223	1
96	248	1
194	1	1
87	247	2
8	228	4
70	146	2
260	117	1
239	118	4
253	21	3
99	256	3
110	255	1
133	71	3
198	8	4
276	103	3
95	186	4
225	142	5
3	268	2
26	275	3
202	84	4
214	77	1
92	262	2
34	238	3
222	77	5
274	138	3
242	17	2
254	138	4
29	226	1
176	134	3
32	249	3
85	165	3
111	250	1
257	0	4
89	250	2
119	166	3
7	252	2
245	185	1
177	142	5
17	185	1
226	53	2
17	205	3
142	80	2
276	113	1
224	102	4
273	32	1
135	87	2
185	208	1
141	106	3
99	275	2
30	279	5
3	153	2
259	120	2
223	90	4
92	13	1
98	235	1
82	263	1
239	149	4
275	76	3
62	181	1
91	229	3
165	37	2
221	83	3
258	230	1
250	136	4
124	161	3
131	109	2
98	217	3
127	166	3
26	130	2
91	162	4
281	122	1
247	100	4
45	50	1
197	3	4
84	261	1
48	251	2
265	80	2
125	156	2
151	80	4
75	150	2
152	146	3
178	42	4
191	98	4
167	130	1
190	144	5
171	142	4
93	246	5
150	111	4
3	219	2
178	81	3
36	257	5
219	71	2
55	269	3
287	97	1
141	16	5
271	71	3
31	264	4
92	235	3
56	184	2
155	78	1
268	138	5
128	149	1
66	231	4
212	0	4
87	183	1
104	258	1
132	98	3
236	246	3
249	139	3
250	102	2
61	178	1
13	40	2
178	96	2
241	96	4
272	90	4
236	0	5
245	87	5
84	229	3
205	230	1
165	263	2
186	66	3
116	226	2
193	15	3
218	117	3
33	244	1
217	171	1
144	109	3
179	99	2
104	250	2
173	74	4
206	102	3
15	232	1
240	55	3
286	101	5
217	129	2
146	275	1
42	272	1
184	149	3
207	24	3
62	254	1
132	0	3
277	22	3
15	217	3
207	137	3
256	71	5
175	76	1
249	110	2
250	119	1
55	186	2
160	122	1
65	268	4
174	118	3
235	87	4
135	94	1
109	266	3
281	126	1
155	141	2
178	273	1
5	248	4
106	251	3
88	158	2
68	83	2
279	100	1
258	151	1
265	4	1
15	199	5
104	119	2
88	108	1
246	52	1
75	261	2
212	16	4
36	271	2
201	35	1
180	93	3
15	246	1
261	57	3
121	188	3
83	246	4
18	23	1
247	0	5
252	108	2
227	96	4
145	33	2
228	27	1
66	197	5
218	84	3
177	149	3
155	98	1
160	138	2
78	168	2
110	253	4
33	294	3
94	14	1
169	118	3
210	81	1
171	91	4
84	175	4
258	188	1
15	192	2
229	88	1
143	68	2
177	48	3
280	101	2
269	142	3
275	136	4
289	25	1
253	98	1
9	290	4
258	215	1
22	239	1
113	223	3
102	228	1
60	286	3
161	30	2
79	217	5
193	134	3
15	163	1
193	125	3
86	284	1
124	210	5
174	4	1
72	131	1
185	104	2
150	90	5
166	0	2
139	96	2
86	258	1
118	239	1
236	96	5
193	140	2
125	167	3
199	91	3
49	172	2
149	252	3
197	117	5
261	49	4
55	246	5
188	74	1
51	155	5
216	3	5
115	256	5
114	227	2
63	280	1
164	110	1
145	99	4
96	106	3
40	46	4
138	38	1
48	248	3
186	40	4
54	210	3
124	245	5
65	244	5
155	233	3
232	89	1
159	141	3
106	171	2
274	102	2
77	236	3
181	89	2
159	142	3
32	66	1
85	264	3
164	74	3
139	74	4
175	97	4
66	209	4
39	287	5
123	288	4
95	139	1
249	73	3
159	33	2
198	274	2
2	206	1
137	93	1
59	273	5
258	266	1
188	131	1
44	80	1
177	10	4
244	91	1
213	1	3
2	240	5
203	90	3
1	225	4
266	58	2
145	102	4
214	122	3
185	128	1
217	82	2
266	101	4
157	176	3
192	75	1
50	5	1
116	45	2
181	129	3
135	112	4
63	184	5
239	122	3
30	252	5
244	96	2
104	257	2
184	124	2
108	195	1
218	142	4
170	0	3
169	104	2
36	295	5
20	168	4
24	229	5
174	169	2
252	97	1
220	68	3
47	156	3
8	256	2
213	74	3
44	195	2
137	66	1
173	146	4
259	137	3
158	97	1
225	96	2
268	118	4
213	140	3
41	280	4
180	281	2
237	25	1
273	137	1
89	296	1
233	46	1
168	146	5
165	90	4
7	281	2
242	105	3
83	298	3
141	7	3
85	232	1
67	299	1
215	106	2
54	217	4
74	171	2
100	297	3
68	267	5
131	89	1
172	0	3
46	253	2
18	247	3
154	267	3
268	139	2
190	78	4
104	93	3
288	100	1
126	283	5
70	109	1
116	255	1
133	299	2
107	247	3
10	147	1
187	99	2
147	99	2
276	118	2
112	223	3
147	137	1
189	88	4
221	165	1
69	177	1
196	40	2
97	79	1
190	95	3
238	160	3
54	155	4
269	136	3
69	269	4
229	96	1
98	36	1
166	114	4
25	223	1
58	252	5
103	157	5
134	136	4
15	230	1
127	260	2
156	64	3
255	123	3
251	138	5
198	77	1
9	253	3
56	0	3
96	256	3
50	222	1
74	41	1
62	229	3
271	0	3
210	49	2
87	219	2
193	55	3
175	30	1
238	165	1
21	228	5
67	168	2
67	249	3
85	150	5
131	116	1
140	96	4
237	105	3
3	201	1
96	249	3
249	43	5
119	272	4
183	123	2
225	65	1
141	97	2
275	92	4
37	298	1
144	145	2
29	154	3
99	211	2
190	81	2
213	11	5
15	170	3
76	218	1
48	68	3
226	208	3
56	233	1
267	115	3
158	110	1
130	144	3
263	135	2
287	86	2
234	92	3
213	178	4
113	289	1
289	67	2
273	35	1
3	226	1
3	202	1
27	242	3
230	107	2
13	138	5
208	237	2
60	26	2
260	121	3
267	100	4
47	65	3
93	268	3
99	119	3
33	261	1
62	286	1
129	77	2
108	17	1
107	238	2
138	107	1
27	191	1
127	290	2
230	120	4
282	99	3
35	250	1
57	243	2
270	89	1
246	148	1
205	258	1
34	263	3
121	290	1
67	187	1
158	98	2
268	115	1
139	166	1
8	257	5
105	143	4
272	82	2
5	251	2
128	102	3
188	292	1
289	38	3
105	167	2
144	91	1
237	122	4
158	103	4
206	62	4
18	258	3
225	86	1
156	153	3
29	160	3
242	102	4
4	222	4
266	99	3
21	254	3
125	265	1
160	101	3
45	290	2
75	289	2
58	291	3
6	291	3
268	49	4
137	141	5
246	59	3
208	97	1
221	5	3
132	149	4
277	166	5
106	235	2
140	235	1
165	36	4
243	96	2
104	25	1
16	228	1
26	29	2
199	97	3
166	119	2
39	265	2
31	269	1
142	261	1
114	171	1
228	86	1
60	67	4
168	97	2
229	7	3
26	284	1
202	134	5
253	72	4
188	115	1
78	234	1
202	135	3
158	105	4
275	30	1
172	141	2
108	220	1
105	296	4
262	138	4
117	213	5
256	42	3
227	185	4
217	51	5
235	133	5
213	237	2
95	86	1
169	81	2
117	243	3
268	46	5
175	32	1
136	96	1
7	267	4
138	61	1
169	17	1
196	39	1
48	256	1
255	139	2
241	105	3
269	71	2
235	112	3
238	218	3
71	102	1
255	135	1
49	158	1
88	231	2
105	251	1
16	233	4
53	226	1
152	102	1
165	140	3
144	18	4
67	290	1
129	7	2
170	26	1
53	223	2
243	98	2
156	22	2
247	121	3
37	237	3
156	25	3
23	250	1
289	144	2
189	86	4
266	88	4
140	50	4
96	192	2
250	125	1
276	123	2
234	120	3
275	129	4
78	157	1
185	108	1
196	3	4
114	183	1
180	108	4
136	99	4
285	124	1
266	96	4
90	193	3
143	78	5
246	49	3
264	123	4
186	59	2
146	117	3
282	4	3
129	132	2
164	215	3
80	281	1
55	151	5
46	268	3
104	248	2
63	244	1
260	118	1
201	6	1
102	236	3
103	294	2
228	125	2
161	100	1
274	99	4
58	253	2
136	100	3
130	120	4
277	52	5
94	204	1
186	122	2
156	36	4
107	285	1
62	246	5
105	281	1
55	19	1
199	80	3
51	187	1
93	165	3
236	97	5
199	5	3
67	279	4
223	139	3
116	187	4
5	203	2
109	225	4
198	62	3
74	259	1
129	66	2
112	295	4
191	105	4
180	91	3
208	38	1
259	100	2
31	289	1
58	262	4
262	79	3
101	174	4
221	110	2
72	248	2
139	1	3
203	102	4
274	98	4
272	264	4
216	6	3
188	77	1
263	55	2
78	29	1
108	295	3
89	78	3
33	237	1
287	0	4
248	102	1
26	48	4
191	84	4
264	72	4
67	200	3
74	173	1
91	282	1
78	257	1
32	284	1
0	228	4
100	201	1
281	80	3
94	292	3
123	211	1
275	29	1
17	207	3
30	288	3
88	223	3
221	71	3
191	47	1
149	142	2
79	249	4
219	82	1
226	181	4
34	241	3
263	277	3
4	273	4
61	270	1
79	224	4
134	0	4
282	101	2
194	105	2
260	10	1
158	100	2
42	262	4
24	258	4
281	22	1
267	122	4
84	197	2
165	239	2
46	126	3
159	84	2
104	209	2
74	264	3
62	264	5
5	244	2
195	95	2
277	93	5
101	212	4
16	263	3
6	221	3
284	278	2
230	101	4
238	159	3
101	267	4
101	251	3
2	248	2
106	118	2
174	102	3
129	99	3
148	44	3
210	106	4
256	136	3
65	247	1
151	95	4
196	35	1
149	102	2
136	159	4
89	231	5
180	105	5
153	54	3
9	192	3
281	82	2
246	24	4
5	65	1
240	126	4
99	164	4
130	101	3
178	144	3
95	31	1
7	261	3
186	224	2
40	199	3
26	63	5
235	51	3
198	104	4
138	112	1
284	180	2
143	160	3
56	288	4
228	133	3
184	107	4
166	253	1
25	240	2
224	70	3
128	54	3
11	76	2
160	2	4
165	146	2
80	265	3
91	219	5
132	229	1
75	202	2
9	206	5
175	10	1
233	106	2
287	112	1
196	145	1
86	194	4
206	138	4
87	241	3
49	198	5
123	233	5
168	90	5
103	253	3
249	74	2
243	156	1
250	149	2
200	35	2
91	99	4
266	121	4
119	252	4
97	254	2
155	103	3
241	0	4
11	256	3
239	136	3
137	123	1
38	234	3
230	96	1
268	145	5
281	96	4
201	25	1
246	30	2
99	246	3
98	189	3
288	120	4
38	241	3
277	2	5
58	228	4
281	118	1
177	99	2
102	259	1
94	249	3
279	234	1
171	84	4
64	228	4
25	251	3
45	213	2
174	96	2
25	237	5
36	292	5
229	71	3
206	79	3
266	0	4
143	99	3
32	202	1
68	175	4
253	100	1
135	97	2
272	214	4
282	130	2
1	159	1
234	85	3
215	67	5
136	143	3
150	79	2
250	107	2
141	57	2
3	180	1
192	30	1
225	87	5
169	200	1
146	6	1
130	205	4
108	264	1
92	283	1
83	206	3
66	155	5
63	165	3
175	99	2
131	31	1
44	249	3
112	201	1
74	273	5
117	189	2
176	142	2
109	213	5
164	292	3
141	131	3
237	96	2
196	87	2
275	115	2
135	84	3
187	118	3
111	267	5
238	71	4
4	255	1
182	109	1
281	138	1
279	149	1
154	114	3
149	220	1
219	132	1
14	144	1
111	291	2
172	121	3
201	108	2
82	184	2
31	235	1
189	143	2
80	286	1
28	154	3
113	163	1
146	32	2
50	54	1
177	75	1
17	245	5
184	66	3
154	248	3
27	251	3
14	253	1
18	257	5
29	237	1
80	233	1
242	76	4
50	282	3
163	113	1
115	158	3
218	98	5
16	175	1
227	126	3
147	130	1
55	255	1
202	21	4
189	90	3
220	97	1
199	131	2
133	102	3
67	35	1
34	254	2
210	84	2
273	58	1
142	96	3
72	192	1
229	106	1
229	98	1
289	36	3
286	199	4
41	287	3
219	105	2
16	253	1
254	54	4
52	232	1
0	278	3
54	209	3
9	259	4
129	96	3
152	116	1
27	299	1
281	111	2
251	78	4
35	226	1
199	95	4
263	232	3
56	174	5
217	136	1
280	36	1
143	146	3
36	206	5
153	203	3
25	160	1
205	130	2
208	54	4
196	125	2
161	37	3
37	238	1
121	72	1
72	282	4
137	143	1
85	184	2
168	142	4
163	157	3
114	283	1
288	126	4
184	3	2
29	145	1
49	163	1
196	91	1
279	143	2
90	226	2
212	136	5
232	81	2
45	200	4
35	232	1
73	254	3
158	125	1
203	84	1
156	3	3
25	165	3
7	222	1
220	149	2
94	219	1
102	252	3
4	169	5
51	253	2
30	285	3
13	238	4
121	178	1
241	103	3
120	151	2
137	37	2
144	82	1
195	94	1
124	207	4
226	103	2
262	144	3
285	110	2
235	91	2
230	104	2
234	259	2
195	150	1
184	72	3
251	43	4
168	121	2
278	133	3
197	96	3
260	38	1
255	125	4
61	213	4
76	165	1
130	49	5
153	17	1
19	163	1
214	45	1
228	148	3
65	179	3
82	199	2
137	32	1
188	58	1
30	263	3
248	165	1
228	110	1
59	288	1
20	183	1
114	242	1
164	108	2
15	240	1
211	86	1
50	131	1
209	128	3
16	275	3
157	141	5
102	256	2
230	9	4
3	290	5
146	34	2
133	101	4
244	102	3
92	240	1
77	150	3
34	249	3
188	102	1
249	58	4
132	133	5
280	4	2
182	97	1
14	198	3
111	263	3
116	89	3
106	162	2
131	8	3
217	6	1
236	95	5
28	273	1
0	72	2
65	286	1
71	48	1
229	121	3
84	190	2
134	90	3
149	133	3
83	214	3
253	147	3
47	72	4
277	186	4
154	280	3
96	54	1
222	105	4
273	287	1
98	295	1
260	27	1
141	67	4
94	173	5
72	162	3
48	224	5
180	278	4
88	167	1
275	24	4
111	284	1
69	256	1
209	86	3
278	4	3
231	129	1
136	101	2
82	157	3
185	210	1
95	235	4
30	256	3
171	122	3
230	113	1
199	2	4
222	125	5
170	119	1
261	101	2
34	280	2
12	159	2
29	158	3
214	65	1
204	48	3
165	134	2
272	258	2
286	143	3
240	30	1
81	250	1
222	111	4
94	285	1
143	90	4
224	132	4
77	263	1
99	213	5
230	136	4
111	155	2
195	107	5
146	47	1
224	94	3
104	87	1
166	49	3
166	140	2
2	251	1
236	100	5
249	13	3
211	210	1
57	244	5
180	106	3
27	129	3
81	284	4
4	250	2
126	0	3
226	261	2
33	251	1
235	107	3
24	123	2
247	21	4
5	243	4
138	118	1
158	27	3
274	64	2
58	210	2
35	236	5
275	31	2
261	130	2
127	238	3
111	92	3
170	283	1
206	68	3
124	261	1
111	242	3
162	42	1
283	57	3
124	152	2
43	288	3
187	106	1
288	74	3
100	159	3
160	124	1
6	236	4
235	279	1
99	226	2
98	174	1
212	99	2
110	259	5
273	99	4
11	250	3
279	97	1
159	61	2
130	86	2
187	97	2
237	26	3
233	24	2
61	266	1
158	144	2
245	108	4
254	96	1
21	40	2
243	102	4
37	242	1
85	35	1
69	257	1
156	48	3
22	288	5
77	249	4
75	187	4
284	236	3
217	114	5
39	257	3
151	131	3
177	63	2
239	142	3
70	243	2
270	0	4
87	284	4
285	71	1
130	71	4
233	206	1
141	89	3
18	259	3
120	297	5
39	237	1
42	244	4
63	253	4
76	282	2
167	57	3
162	86	1
18	175	4
225	107	3
143	100	2
203	100	1
207	16	3
30	271	1
119	248	4
137	33	2
212	103	2
247	98	3
24	239	1
225	54	5
124	216	3
185	43	1
42	288	5
219	14	1
136	134	3
133	120	3
285	95	5
234	146	2
23	286	5
168	98	3
26	290	5
24	270	4
222	130	4
235	114	4
141	75	4
54	223	3
190	88	5
282	100	3
204	1	1
11	251	4
209	98	4
30	249	5
115	145	3
124	297	2
79	246	3
218	86	3
238	17	2
128	98	4
46	167	3
195	0	4
91	179	1
6	256	1
216	144	1
116	250	2
250	121	3
131	144	2
206	96	3
39	276	3
176	100	1
55	241	5
50	230	1
221	80	3
25	171	2
6	289	1
260	57	1
43	249	2
165	131	3
253	25	1
8	247	1
150	104	2
13	169	2
254	98	4
106	150	4
163	210	5
179	27	4
59	250	5
283	88	3
259	242	1
204	59	4
18	154	1
216	130	4
257	108	2
35	253	4
182	34	3
40	194	3
155	102	3
145	61	3
155	112	3
150	189	1
288	279	1
142	51	4
259	142	4
153	284	1
226	246	3
117	48	2
207	105	3
193	144	3
37	285	3
228	78	3
258	247	1
106	259	2
191	236	3
270	83	1
179	139	3
224	125	2
6	175	3
140	18	3
74	155	5
214	97	3
246	92	3
132	120	5
21	156	5
184	38	2
65	161	3
178	0	4
118	258	1
250	96	1
7	158	1
142	98	5
229	0	4
286	225	5
58	0	2
94	15	1
261	75	1
93	167	3
5	257	4
231	273	1
223	233	2
252	147	2
37	175	5
8	173	2
268	12	3
61	280	1
74	254	2
257	68	5
202	124	3
265	101	3
257	44	2
217	3	1
285	77	3
118	252	3
129	137	3
206	114	3
99	219	3
215	142	3
60	127	1
8	176	1
188	110	1
150	102	2
144	90	5
75	296	4
74	257	4
252	135	2
30	224	4
161	182	2
183	4	3
88	182	5
144	89	4
33	260	2
108	187	1
235	148	4
124	271	5
219	93	1
49	292	4
183	83	3
34	235	5
112	296	5
51	248	1
168	149	1
235	144	3
283	30	1
25	287	3
230	206	1
169	141	4
242	29	1
48	246	1
264	136	4
239	23	3
283	126	4
108	246	2
115	247	2
157	170	3
213	37	3
243	134	3
182	130	1
254	252	3
72	233	3
95	27	1
212	107	4
126	54	4
173	99	5
1	46	3
9	26	1
119	160	4
79	250	2
218	116	5
170	46	1
142	126	4
260	92	1
177	96	2
8	242	3
146	22	2
96	257	3
257	93	1
24	255	2
219	104	2
71	199	5
77	251	1
21	258	3
97	95	1
19	248	3
226	288	2
261	4	2
117	19	4
234	113	4
38	259	2
79	13	5
113	212	4
238	38	3
61	232	1
218	81	2
122	190	4
79	254	4
39	281	1
62	151	1
1	70	1
47	170	2
91	206	2
209	30	3
134	97	2
64	262	3
205	252	1
68	249	4
122	201	1
147	36	2
110	229	3
213	15	5
91	110	1
201	134	2
160	111	1
98	265	1
7	259	1
223	125	2
274	121	3
59	270	1
163	23	4
195	283	1
128	139	1
227	0	4
97	237	4
250	79	4
249	129	2
137	81	1
3	293	2
32	77	1
26	166	3
225	0	5
267	266	5
105	275	5
103	268	3
50	124	1
228	138	4
236	99	5
220	122	1
11	244	5
48	57	1
220	246	1
257	43	1
216	121	5
12	279	4
85	252	3
207	6	3
174	36	3
230	99	3
108	265	1
179	98	3
116	153	5
252	114	2
280	132	1
82	254	1
261	32	3
38	282	4
260	4	2
271	102	3
176	90	1
242	80	3
256	244	1
143	285	3
210	99	4
193	143	4
100	247	3
251	13	2
234	126	3
101	187	4
8	203	2
123	253	2
84	202	1
186	0	4
40	245	3
68	75	4
101	200	4
34	39	1
81	191	5
225	141	5
156	109	2
250	80	3
10	253	1
153	91	2
61	248	1
241	73	4
263	47	2
66	279	3
226	60	2
23	202	1
248	146	2
186	54	2
123	167	1
115	179	3
137	91	1
70	226	4
48	252	2
163	93	1
255	16	3
50	64	1
211	27	1
218	138	5
255	108	2
288	61	1
44	248	1
202	182	4
184	55	2
93	253	1
174	32	2
111	251	3
123	160	1
66	180	2
110	258	3
101	288	2
250	132	1
174	97	1
17	294	1
132	286	1
164	80	4
268	15	1
87	278	2
167	40	1
169	113	2
226	214	2
181	86	2
207	135	4
288	36	4
231	140	2
129	129	5
68	244	5
186	163	2
269	189	1
182	3	1
31	249	3
148	67	4
150	147	5
250	148	3
81	218	4
287	114	4
90	239	2
33	246	2
257	19	3
50	105	1
122	162	4
147	32	1
277	62	5
113	220	5
6	222	1
95	223	3
29	273	4
278	112	1
22	248	1
197	95	4
114	216	1
139	11	1
17	242	3
134	71	4
27	217	2
33	236	2
31	248	3
83	248	3
4	157	4
104	12	1
77	298	3
85	155	4
202	25	4
211	97	1
90	153	3
251	77	1
288	91	1
259	4	1
120	249	1
22	198	2
70	260	4
120	258	1
92	247	2
88	297	5
108	227	2
29	214	2
269	25	1
144	98	3
281	0	2
280	280	1
246	133	4
244	149	5
182	48	3
43	223	1
242	127	3
202	97	4
205	170	1
136	29	2
68	259	3
108	258	1
113	284	1
