2	0	362
2	0	426
3	0	440
3	0	461
3	0	478
3	0	510
5	0	517
4	0	518
3	0	524
4	0	525
4	0	526
2	0	536
4	0	537
4	0	538
2	0	540
5	0	541
3	0	542
3	0	549
4	0	556
4	0	559
3	0	563
3	0	568
3	0	571
4	0	588
3	1	336
1	1	360
1	1	374
1	1	414
1	1	449
1	1	464
1	1	491
1	1	505
1	1	507
3	1	510
1	1	513
4	1	515
5	1	523
2	1	526
3	1	537
3	1	539
2	1	541
4	1	542
1	1	543
2	1	552
2	1	565
1	1	575
1	1	582
1	1	586
1	2	428
3	2	445
2	2	452
1	2	454
3	2	455
5	2	459
2	2	466
2	2	475
1	2	496
1	2	512
1	2	518
5	2	526
5	2	530
3	2	534
2	2	538
1	2	541
3	2	542
1	2	545
2	2	546
3	2	555
1	2	556
2	2	558
3	2	562
2	2	571
4	3	404
2	3	443
1	3	470
1	3	471
5	3	476
2	3	477
1	3	491
1	3	492
3	3	493
2	3	509
1	3	512
1	3	516
4	3	517
1	3	527
2	3	539
3	3	542
3	3	553
2	3	558
4	3	560
3	3	566
4	3	572
5	3	580
2	3	583
4	3	586
2	4	389
3	4	392
2	4	400
4	4	447
5	4	459
4	4	470
5	4	475
4	4	512
2	4	516
3	4	520
3	4	527
3	4	530
4	4	532
5	4	536
3	4	537
4	4	539
2	4	540
2	4	541
5	4	542
1	4	545
4	4	563
4	4	564
1	4	574
3	4	579
1	5	355
2	5	399
3	5	433
2	5	493
2	5	516
3	5	531
4	5	533
2	5	534
3	5	536
4	5	538
1	5	540
2	5	541
3	5	543
2	5	544
1	5	545
3	5	546
4	5	547
2	5	548
3	5	550
2	5	572
4	5	583
4	5	585
2	5	586
4	5	587
1	6	398
2	6	434
3	6	465
2	6	487
1	6	492
2	6	500
3	6	511
1	6	512
2	6	513
4	6	526
1	6	527
3	6	537
3	6	538
2	6	540
2	6	541
2	6	543
1	6	546
3	6	552
3	6	555
1	6	572
1	6	579
3	6	581
4	6	585
3	6	588
1	7	448
3	7	449
1	7	456
2	7	458
2	7	483
3	7	486
1	7	512
1	7	515
1	7	530
1	7	532
2	7	542
1	7	543
1	7	549
3	7	551
1	7	552
4	7	557
1	7	558
1	7	564
2	7	571
4	7	573
2	7	579
1	7	583
3	7	587
1	7	588
1	8	399
1	8	440
2	8	449
1	8	456
1	8	460
2	8	463
1	8	464
1	8	466
1	8	491
2	8	493
3	8	494
4	8	500
1	8	505
4	8	518
3	8	521
3	8	532
4	8	533
1	8	537
1	8	540
4	8	543
2	8	546
5	8	547
1	8	565
1	8	588
1	9	316
1	9	436
1	9	461
5	9	462
1	9	467
1	9	468
3	9	482
4	9	490
4	9	495
5	9	496
1	9	499
3	9	502
5	9	517
5	9	518
2	9	525
3	9	536
2	9	537
1	9	538
4	9	539
5	9	541
3	9	543
4	9	549
5	9	568
4	9	580
1	10	318
1	10	395
1	10	421
1	10	437
5	10	456
1	10	458
3	10	460
3	10	519
1	10	522
3	10	532
3	10	533
2	10	536
4	10	537
1	10	538
5	10	539
1	10	540
1	10	543
1	10	544
3	10	552
2	10	554
1	10	561
2	10	564
4	10	577
5	10	578
4	11	308
2	11	356
2	11	366
1	11	367
2	11	516
4	11	517
4	11	518
5	11	519
4	11	520
3	11	521
4	11	531
5	11	534
5	11	536
4	11	537
2	11	538
4	11	539
3	11	540
4	11	541
3	11	543
1	11	545
3	11	546
1	11	548
2	11	549
3	11	550
3	12	301
3	12	330
3	12	409
2	12	440
2	12	449
3	12	451
1	12	457
1	12	473
4	12	483
3	12	493
3	12	502
3	12	514
1	12	516
3	12	517
3	12	529
4	12	538
4	12	542
2	12	549
2	12	563
4	12	569
2	12	578
2	12	580
1	12	587
2	12	588
3	13	291
1	13	295
3	13	297
3	13	307
3	13	320
3	13	321
1	13	329
2	13	330
2	13	341
1	13	384
3	13	391
4	13	393
5	13	428
1	13	440
1	13	447
3	13	449
5	13	456
2	13	459
4	13	463
5	13	466
3	13	488
3	13	495
4	13	528
3	13	576
2	14	316
1	14	434
1	14	442
2	14	446
1	14	449
3	14	460
4	14	487
3	14	488
2	14	495
2	14	497
3	14	509
4	14	515
3	14	527
2	14	541
1	14	543
3	14	545
2	14	546
2	14	550
2	14	554
2	14	555
3	14	568
2	14	581
3	14	583
5	14	586
2	15	411
2	15	442
1	15	453
3	15	460
1	15	466
1	15	479
2	15	481
2	15	482
2	15	484
1	15	487
5	15	489
1	15	503
3	15	507
1	15	520
1	15	522
1	15	530
2	15	534
1	15	536
1	15	554
4	15	560
5	15	563
4	15	582
1	15	586
4	15	588
3	16	448
1	16	449
1	16	452
1	16	465
1	16	475
4	16	477
1	16	505
1	16	510
5	16	511
1	16	516
2	16	517
1	16	518
3	16	521
4	16	523
1	16	540
5	16	542
1	16	543
1	16	544
1	16	549
3	16	553
3	16	565
3	16	570
1	16	572
1	16	575
1	17	441
3	17	443
2	17	444
3	17	467
1	17	475
2	17	482
3	17	484
2	17	494
3	17	495
3	17	497
3	17	503
5	17	514
3	17	520
2	17	525
3	17	528
3	17	532
5	17	535
2	17	539
3	17	543
2	17	551
3	17	556
4	17	562
1	17	584
3	17	589
1	18	313
1	18	444
3	18	456
3	18	461
3	18	462
4	18	465
2	18	466
2	18	470
1	18	473
4	18	484
1	18	506
1	18	515
2	18	527
3	18	537
2	18	539
5	18	547
3	18	548
3	18	549
2	18	563
4	18	570
1	18	574
2	18	577
5	18	587
2	18	588
1	19	388
1	19	440
1	19	449
3	19	451
1	19	453
2	19	457
1	19	458
5	19	463
5	19	483
1	19	503
4	19	504
2	19	517
4	19	536
3	19	538
4	19	539
4	19	543
1	19	544
2	19	553
2	19	554
2	19	563
3	19	569
1	19	580
4	19	587
2	19	588
2	20	302
1	20	306
1	20	325
2	20	338
2	20	362
4	20	363
1	20	391
4	20	392
1	20	398
1	20	422
1	20	435
1	20	449
1	20	450
4	20	451
4	20	458
2	20	466
5	20	469
1	20	473
1	20	496
1	20	501
1	20	504
4	20	531
2	20	559
3	20	570
2	21	330
3	21	357
3	21	411
4	21	445
5	21	446
2	21	516
5	21	518
4	21	519
5	21	520
3	21	523
4	21	527
4	21	528
2	21	531
2	21	534
4	21	536
2	21	538
3	21	539
5	21	541
3	21	543
3	21	544
4	21	545
3	21	548
5	21	550
3	21	582
4	22	338
3	22	359
3	22	403
4	22	413
2	22	440
2	22	444
1	22	465
2	22	477
3	22	485
2	22	488
4	22	510
4	22	520
5	22	521
5	22	523
1	22	529
5	22	537
1	22	538
4	22	539
1	22	540
5	22	542
3	22	543
4	22	552
5	22	578
4	22	588
1	23	374
1	23	440
1	23	446
1	23	449
1	23	453
5	23	464
4	23	479
1	23	485
1	23	492
1	23	493
2	23	494
1	23	495
1	23	505
2	23	508
2	23	518
4	23	523
1	23	528
1	23	536
3	23	539
1	23	540
1	23	542
5	23	576
2	23	585
1	23	586
5	24	363
2	24	413
4	24	516
4	24	517
5	24	519
4	24	520
2	24	522
4	24	526
4	24	527
4	24	528
1	24	529
3	24	531
4	24	532
4	24	538
4	24	543
2	24	545
4	24	548
3	24	552
3	24	553
4	24	560
2	24	574
4	24	576
2	24	579
4	24	580
1	25	311
1	25	337
1	25	361
2	25	446
1	25	450
3	25	455
2	25	461
1	25	475
3	25	479
5	25	489
3	25	498
1	25	513
5	25	527
1	25	529
2	25	530
3	25	531
3	25	532
3	25	541
1	25	549
4	25	550
1	25	554
3	25	561
1	25	573
3	25	577
3	26	294
2	26	319
4	26	338
5	26	353
2	26	365
2	26	387
2	26	393
2	26	420
3	26	426
1	26	430
2	26	436
4	26	442
2	26	453
3	26	456
4	26	458
3	26	503
2	26	532
1	26	540
5	26	542
2	26	549
3	26	565
1	26	574
2	26	575
5	26	580
3	27	358
1	27	371
3	27	419
3	27	440
3	27	445
1	27	447
2	27	472
2	27	474
1	27	481
4	27	487
5	27	489
2	27	507
4	27	508
1	27	516
3	27	532
3	27	538
3	27	541
3	27	542
1	27	549
5	27	563
2	27	568
1	27	574
1	27	584
1	27	589
1	28	440
3	28	444
1	28	449
1	28	460
2	28	477
2	28	478
4	28	485
1	28	487
1	28	506
5	28	508
1	28	516
1	28	517
2	28	526
2	28	527
1	28	529
1	28	532
2	28	536
2	28	539
1	28	541
1	28	563
1	28	580
1	28	582
3	28	583
1	28	588
1	29	435
3	29	444
3	29	448
3	29	450
3	29	462
2	29	465
1	29	491
2	29	498
1	29	501
2	29	504
3	29	511
1	29	516
5	29	523
1	29	527
2	29	528
4	29	530
1	29	537
4	29	557
4	29	563
2	29	564
4	29	565
1	29	567
2	29	568
2	29	584
2	30	300
4	30	440
2	30	442
4	30	443
5	30	448
4	30	479
2	30	504
3	30	506
4	30	507
3	30	509
4	30	514
4	30	537
5	30	539
3	30	540
5	30	542
5	30	543
3	30	546
5	30	547
3	30	553
1	30	561
5	30	569
3	30	575
3	30	578
5	30	585
2	31	340
3	31	457
3	31	467
4	31	468
5	31	500
4	31	509
3	31	512
4	31	513
2	31	519
1	31	525
1	31	527
3	31	538
3	31	539
1	31	540
3	31	544
4	31	554
4	31	555
1	31	559
1	31	564
4	31	568
1	31	571
1	31	579
3	31	580
5	31	581
1	32	334
1	32	356
1	32	367
1	32	418
4	32	447
1	32	451
3	32	457
1	32	458
3	32	489
1	32	492
1	32	493
1	32	516
5	32	519
1	32	529
5	32	536
1	32	537
4	32	538
3	32	539
4	32	542
3	32	543
1	32	544
1	32	554
1	32	574
1	32	578
2	33	353
2	33	460
2	33	516
5	33	521
1	33	524
2	33	526
1	33	527
2	33	528
4	33	533
1	33	534
2	33	536
4	33	538
1	33	541
2	33	542
4	33	546
2	33	550
1	33	551
3	33	557
1	33	566
2	33	567
1	33	579
3	33	581
3	33	584
1	33	588
1	34	329
1	34	371
2	34	474
3	34	491
4	34	519
5	34	525
2	34	526
3	34	528
3	34	531
3	34	532
2	34	538
3	34	539
5	34	542
2	34	543
2	34	544
4	34	547
4	34	552
3	34	553
3	34	556
2	34	562
2	34	566
2	34	570
2	34	576
4	34	577
1	35	351
4	35	357
4	35	434
3	35	471
3	35	472
1	35	516
5	35	517
2	35	519
1	35	522
2	35	523
4	35	525
5	35	526
4	35	527
3	35	528
3	35	531
2	35	534
4	35	537
2	35	538
1	35	540
5	35	542
4	35	543
2	35	548
1	35	549
5	35	550
1	36	346
1	36	355
2	36	465
1	36	476
5	36	493
5	36	496
1	36	497
1	36	498
2	36	501
5	36	535
5	36	536
1	36	540
2	36	543
5	36	547
2	36	551
5	36	556
5	36	559
2	36	561
5	36	562
2	36	564
5	36	581
5	36	582
5	36	584
5	36	585
2	37	389
1	37	427
1	37	440
1	37	444
1	37	447
1	37	458
5	37	465
1	37	478
3	37	489
1	37	510
2	37	518
3	37	521
1	37	525
3	37	527
1	37	528
1	37	532
2	37	536
3	37	541
1	37	564
1	37	574
3	37	575
2	37	582
2	37	585
1	37	588
1	38	325
1	38	415
4	38	514
2	38	516
3	38	518
2	38	520
3	38	522
4	38	523
3	38	524
3	38	525
3	38	531
2	38	532
3	38	534
2	38	537
4	38	538
3	38	543
2	38	549
3	38	553
3	38	561
4	38	572
3	38	573
4	38	575
3	38	580
3	38	585
1	39	447
5	39	456
1	39	513
5	39	521
4	39	525
1	39	527
2	39	528
5	39	534
1	39	545
3	39	547
2	39	554
2	39	555
5	39	556
5	39	559
1	39	561
5	39	562
3	39	566
5	39	568
5	39	569
5	39	570
1	39	571
5	39	577
4	39	581
4	39	582
4	40	336
4	40	445
3	40	449
1	40	457
3	40	462
3	40	466
3	40	474
3	40	484
3	40	489
2	40	500
5	40	518
4	40	525
3	40	533
3	40	535
2	40	538
4	40	539
4	40	540
1	40	544
2	40	549
2	40	554
4	40	561
2	40	568
4	40	576
4	40	577
1	41	441
1	41	448
3	41	451
3	41	454
4	41	458
4	41	469
3	41	473
4	41	504
4	41	511
5	41	514
3	41	522
1	41	533
3	41	536
1	41	539
1	41	540
4	41	544
2	41	547
1	41	552
2	41	561
3	41	566
4	41	570
1	41	571
3	41	577
3	41	589
1	42	335
3	42	457
3	42	461
4	42	463
4	42	464
1	42	469
1	42	480
1	42	482
3	42	490
3	42	499
2	42	516
5	42	530
4	42	534
1	42	540
1	42	546
1	42	551
4	42	552
4	42	557
1	42	562
2	42	563
5	42	578
1	42	579
1	42	580
5	42	587
2	43	443
1	43	513
2	43	516
3	43	524
3	43	525
4	43	526
5	43	527
3	43	532
2	43	539
4	43	540
2	43	547
1	43	551
1	43	553
3	43	559
2	43	560
1	43	561
3	43	562
4	43	563
3	43	569
3	43	575
3	43	577
3	43	578
1	43	581
4	43	584
3	44	312
1	44	370
1	44	381
1	44	420
5	44	464
1	44	465
4	44	477
5	44	481
2	44	485
5	44	487
1	44	516
2	44	523
1	44	529
2	44	536
2	44	537
1	44	538
3	44	539
1	44	541
4	44	542
2	44	543
3	44	558
4	44	578
1	44	584
5	44	585
1	45	340
1	45	376
1	45	425
1	45	449
3	45	451
2	45	468
1	45	479
4	45	481
5	45	483
4	45	486
4	45	490
2	45	493
2	45	503
3	45	508
1	45	519
2	45	525
2	45	536
3	45	539
1	45	541
2	45	562
1	45	571
1	45	576
2	45	580
2	45	582
2	46	350
2	46	371
3	46	391
3	46	416
4	46	445
3	46	447
2	46	455
3	46	457
2	46	458
4	46	474
4	46	489
3	46	495
4	46	516
3	46	517
3	46	536
2	46	538
2	46	539
3	46	540
3	46	541
3	46	542
2	46	543
3	46	558
2	46	574
4	46	589
3	47	292
4	47	308
3	47	355
4	47	362
4	47	442
3	47	446
2	47	460
3	47	461
1	47	491
4	47	513
1	47	527
3	47	534
2	47	540
1	47	545
3	47	550
3	47	555
2	47	557
3	47	559
4	47	568
2	47	569
3	47	571
3	47	573
1	47	574
4	47	580
1	48	347
3	48	358
3	48	447
5	48	448
1	48	457
4	48	469
3	48	511
5	48	514
5	48	524
1	48	525
1	48	536
2	48	537
3	48	538
1	48	539
2	48	541
2	48	542
5	48	543
1	48	546
2	48	555
1	48	556
3	48	569
3	48	572
1	48	574
5	48	581
1	49	444
2	49	445
1	49	448
1	49	453
3	49	454
2	49	462
4	49	466
3	49	467
2	49	476
1	49	477
5	49	488
3	49	489
3	49	490
1	49	502
4	49	505
4	49	528
5	49	534
2	49	548
3	49	549
5	49	554
1	49	561
3	49	570
4	49	582
3	49	588
1	50	295
1	50	344
1	50	346
1	50	348
1	50	354
1	50	366
1	50	367
1	50	395
1	50	414
1	50	421
1	50	430
2	50	440
2	50	442
2	50	469
2	50	494
2	50	496
3	50	503
2	50	511
1	50	512
1	50	520
4	50	557
3	50	572
1	50	584
3	50	586
1	51	320
3	51	348
5	51	365
5	51	410
3	51	443
5	51	445
3	51	451
2	51	457
2	51	469
1	51	477
3	51	479
5	51	483
5	51	490
3	51	514
1	51	516
5	51	519
5	51	537
1	51	538
3	51	539
2	51	543
2	51	544
5	51	548
4	51	563
2	51	588
2	52	333
1	52	470
1	52	516
5	52	518
5	52	519
1	52	522
2	52	525
2	52	526
1	52	530
1	52	531
1	52	539
4	52	546
1	52	548
4	52	550
5	52	553
2	52	554
4	52	566
1	52	574
4	52	580
2	52	581
4	52	582
1	52	584
2	52	585
5	52	587
3	53	293
2	53	302
1	53	311
1	53	312
1	53	315
2	53	318
4	53	373
2	53	374
2	53	382
1	53	395
1	53	400
4	53	406
2	53	448
1	53	466
4	53	482
5	53	483
1	53	509
2	53	513
4	53	515
1	53	516
4	53	544
1	53	549
4	53	558
1	53	568
1	54	444
4	54	445
4	54	449
4	54	451
3	54	460
4	54	485
3	54	486
4	54	487
4	54	493
3	54	499
3	54	500
4	54	507
3	54	513
4	54	517
4	54	519
2	54	520
2	54	546
2	54	560
3	54	562
5	54	563
2	54	575
4	54	580
5	54	583
4	54	588
1	55	309
5	55	441
1	55	444
2	55	464
5	55	472
2	55	476
1	55	491
3	55	498
2	55	503
1	55	513
4	55	518
5	55	531
2	55	534
5	55	536
2	55	540
4	55	542
1	55	544
1	55	545
4	55	550
1	55	551
3	55	559
5	55	567
3	55	569
4	55	572
3	56	290
2	56	339
3	56	378
4	56	391
4	56	410
2	56	426
3	56	445
2	56	455
2	56	457
5	56	464
1	56	471
2	56	473
2	56	474
4	56	489
4	56	507
3	56	513
1	56	523
4	56	542
3	56	558
4	56	566
1	56	574
4	56	578
5	56	587
3	56	589
1	57	423
2	57	450
4	57	457
5	57	463
4	57	480
2	57	481
5	57	483
4	57	488
2	57	495
3	57	499
2	57	508
2	57	516
2	57	517
3	57	528
1	57	529
2	57	533
5	57	534
3	57	535
3	57	540
5	57	557
5	57	568
3	57	574
2	57	577
2	57	581
2	58	290
1	58	323
3	58	361
3	58	378
3	58	410
2	58	411
3	58	426
1	58	485
2	58	500
1	58	513
4	58	518
4	58	519
1	58	523
3	58	537
1	58	540
5	58	542
2	58	543
4	58	552
1	58	564
5	58	575
5	58	578
2	58	579
3	58	580
3	58	581
1	59	372
5	59	445
1	59	449
1	59	458
3	59	466
2	59	488
1	59	489
1	59	497
1	59	506
1	59	507
2	59	518
1	59	522
1	59	539
5	59	540
4	59	542
3	59	543
1	59	554
1	59	559
1	59	560
5	59	563
1	59	573
3	59	576
1	59	578
1	59	579
2	60	316
1	60	318
4	60	324
4	60	357
1	60	362
2	60	405
1	60	414
1	60	417
1	60	418
2	60	430
4	60	464
3	60	468
3	60	479
4	60	509
3	60	519
4	60	546
4	60	554
3	60	562
1	60	574
3	60	576
2	60	580
2	60	582
2	60	588
1	60	589
1	61	393
5	61	465
1	61	468
1	61	491
4	61	503
1	61	522
5	61	523
1	61	524
1	61	538
3	61	539
1	61	541
1	61	544
1	61	551
1	61	554
2	61	555
1	61	556
1	61	558
1	61	560
4	61	568
1	61	570
2	61	580
3	61	581
2	61	582
5	61	586
1	62	441
3	62	451
5	62	458
1	62	465
1	62	471
1	62	473
3	62	481
3	62	494
3	62	507
1	62	514
3	62	519
3	62	523
2	62	527
1	62	529
5	62	536
3	62	539
1	62	540
5	62	542
1	62	544
4	62	547
5	62	554
2	62	563
1	62	576
4	62	581
1	63	291
1	63	337
2	63	415
3	63	433
4	63	447
3	63	455
5	63	474
4	63	477
4	63	478
1	63	485
5	63	489
5	63	508
3	63	510
1	63	514
5	63	516
1	63	534
5	63	537
4	63	538
4	63	540
5	63	541
4	63	543
5	63	553
1	63	570
4	63	582
1	64	440
3	64	443
4	64	445
1	64	449
4	64	463
1	64	468
1	64	469
4	64	490
1	64	503
1	64	515
4	64	518
3	64	519
4	64	525
3	64	527
3	64	531
1	64	544
3	64	552
3	64	553
1	64	558
1	64	573
1	64	574
1	64	575
1	64	579
5	64	587
1	65	448
3	65	451
3	65	469
4	65	473
3	65	476
1	65	482
3	65	486
2	65	490
1	65	493
3	65	498
1	65	501
4	65	504
1	65	519
1	65	520
4	65	521
5	65	534
1	65	537
1	65	545
5	65	557
4	65	558
1	65	559
1	65	574
1	65	576
4	65	585
5	66	445
5	66	447
3	66	448
3	66	459
4	66	464
2	66	470
3	66	484
5	66	487
5	66	489
2	66	492
4	66	499
4	66	501
2	66	510
1	66	514
4	66	521
3	66	523
5	66	526
1	66	545
2	66	555
4	66	565
2	66	568
3	66	569
2	66	572
4	66	584
1	67	325
1	67	415
2	67	445
2	67	449
2	67	451
2	67	458
1	67	477
1	67	485
3	67	490
2	67	498
1	67	503
2	67	516
2	67	519
3	67	536
2	67	537
3	67	539
3	67	540
1	67	541
5	67	542
2	67	543
2	67	554
4	67	569
1	67	580
1	67	589
2	68	349
3	68	362
4	68	365
2	68	373
3	68	434
2	68	444
4	68	465
3	68	478
4	68	488
5	68	534
4	68	536
3	68	537
3	68	538
4	68	539
4	68	540
2	68	541
4	68	542
4	68	543
1	68	544
1	68	546
2	68	548
3	68	549
3	68	550
5	68	557
2	69	296
1	69	320
3	69	452
1	69	467
1	69	468
1	69	487
1	69	490
3	69	496
1	69	502
1	69	514
1	69	524
1	69	537
1	69	538
3	69	539
5	69	541
1	69	546
1	69	547
1	69	553
4	69	559
1	69	570
1	69	580
2	69	581
5	69	582
2	69	585
3	70	368
1	70	399
2	70	436
3	70	446
4	70	516
2	70	518
2	70	519
1	70	520
5	70	521
4	70	531
2	70	533
2	70	537
4	70	539
5	70	540
3	70	541
5	70	542
1	70	543
1	70	545
4	70	546
2	70	548
1	70	549
4	70	550
4	70	560
5	70	589
2	71	303
4	71	332
1	71	337
1	71	338
1	71	364
1	71	373
1	71	386
1	71	392
3	71	394
1	71	401
2	71	407
5	71	432
1	71	435
5	71	449
5	71	455
1	71	487
5	71	489
4	71	502
5	71	506
5	71	508
5	71	537
5	71	542
1	71	544
5	71	585
1	72	348
1	72	419
1	72	421
3	72	452
2	72	465
1	72	468
1	72	482
1	72	496
1	72	507
4	72	510
1	72	516
1	72	521
3	72	523
1	72	524
4	72	526
1	72	529
5	72	536
2	72	538
1	72	547
4	72	572
1	72	575
1	72	583
1	72	584
3	72	585
4	73	308
3	73	352
3	73	441
1	73	442
1	73	444
4	73	445
2	73	472
4	73	489
3	73	510
2	73	514
5	73	517
1	73	522
2	73	524
2	73	525
2	73	538
2	73	540
1	73	543
3	73	544
3	73	547
2	73	553
3	73	554
1	73	556
1	73	570
1	73	576
1	74	331
5	74	445
1	74	446
1	74	457
2	74	458
2	74	461
1	74	463
1	74	469
5	74	490
1	74	493
3	74	502
2	74	515
1	74	516
2	74	517
1	74	519
1	74	543
2	74	544
1	74	545
3	74	546
4	74	547
1	74	549
3	74	554
1	74	560
5	74	563
2	75	308
4	75	352
2	75	440
2	75	456
2	75	458
4	75	477
4	75	491
2	75	492
2	75	513
1	75	515
5	75	527
3	75	534
3	75	536
3	75	537
1	75	541
4	75	542
1	75	543
1	75	544
2	75	545
2	75	546
2	75	551
2	75	579
2	75	585
4	75	586
2	76	291
1	76	297
3	76	302
1	76	317
2	76	327
1	76	333
1	76	338
2	76	342
2	76	354
1	76	399
2	76	437
1	76	438
1	76	445
2	76	452
1	76	455
5	76	465
1	76	488
1	76	501
1	76	508
1	76	522
5	76	540
1	76	547
1	76	560
2	76	572
1	77	321
3	77	440
2	77	443
1	77	457
1	77	470
4	77	478
3	77	483
2	77	514
1	77	516
2	77	519
3	77	526
1	77	529
2	77	536
4	77	537
4	77	539
1	77	541
4	77	542
1	77	543
4	77	545
1	77	548
1	77	553
2	77	558
5	77	569
3	77	588
1	78	314
1	78	319
1	78	447
5	78	457
2	78	458
4	78	474
3	78	477
1	78	508
1	78	514
2	78	522
1	78	524
4	78	526
2	78	529
1	78	531
2	78	536
1	78	537
1	78	539
1	78	544
1	78	547
1	78	548
1	78	561
1	78	570
1	78	574
1	78	583
5	79	303
3	79	337
5	79	364
3	79	441
5	79	464
4	79	472
5	79	473
5	79	507
4	79	514
5	79	519
4	79	522
4	79	533
3	79	536
4	79	539
2	79	540
5	79	542
4	79	543
4	79	544
4	79	549
5	79	554
3	79	566
5	79	577
4	79	578
4	79	589
1	80	369
5	80	514
2	80	517
2	80	522
1	80	523
3	80	526
1	80	532
3	80	536
3	80	539
2	80	541
4	80	544
1	80	550
3	80	555
2	80	559
1	80	560
2	80	567
3	80	569
1	80	571
1	80	576
2	80	577
4	80	581
3	80	583
2	80	584
1	80	588
3	81	367
2	81	372
4	81	441
2	81	444
3	81	448
3	81	450
4	81	455
2	81	457
5	81	472
3	81	474
5	81	481
4	81	489
4	81	508
3	81	528
4	81	529
5	81	532
5	81	537
3	81	538
5	81	539
1	81	540
5	81	541
5	81	542
4	81	557
4	81	574
2	82	313
1	82	412
4	82	440
3	82	447
1	82	457
2	82	474
2	82	487
2	82	489
1	82	514
2	82	516
1	82	517
3	82	519
2	82	532
3	82	534
2	82	537
1	82	538
5	82	540
3	82	542
1	82	543
1	82	544
1	82	553
2	82	564
3	82	574
2	82	588
2	83	305
1	83	321
1	83	413
1	83	425
4	83	454
2	83	455
3	83	456
4	83	462
4	83	470
5	83	484
3	83	496
3	83	504
4	83	511
3	83	523
3	83	524
4	83	536
3	83	538
1	83	545
2	83	546
4	83	547
4	83	558
1	83	564
4	83	585
3	83	588
3	84	440
3	84	444
3	84	458
4	84	464
4	84	465
2	84	480
2	84	487
1	84	492
4	84	504
2	84	508
3	84	509
3	84	513
3	84	519
4	84	523
3	84	524
3	84	533
3	84	536
4	84	544
1	84	548
1	84	551
3	84	552
4	84	557
3	84	562
4	84	584
1	85	325
3	85	339
1	85	415
3	85	423
4	85	439
5	85	440
4	85	445
1	85	446
2	85	451
3	85	454
3	85	455
2	85	474
4	85	487
5	85	489
1	85	501
1	85	509
1	85	522
1	85	529
1	85	538
3	85	542
4	85	543
3	85	554
1	85	561
1	85	573
1	86	345
1	86	390
1	86	422
3	86	477
4	86	484
3	86	514
5	86	517
5	86	518
1	86	519
5	86	521
4	86	527
2	86	532
3	86	533
4	86	534
2	86	536
3	86	538
4	86	540
4	86	542
1	86	545
1	86	548
1	86	549
5	86	552
1	86	574
3	86	575
4	87	448
4	87	459
3	87	468
3	87	470
3	87	472
1	87	473
1	87	476
1	87	485
3	87	489
2	87	509
3	87	531
2	87	537
3	87	539
1	87	548
3	87	553
3	87	556
3	87	557
2	87	568
5	87	569
4	87	574
1	87	575
2	87	579
3	87	586
4	87	587
1	88	316
1	88	348
1	88	368
1	88	391
1	88	398
1	88	437
4	88	442
2	88	448
1	88	457
5	88	472
1	88	499
5	88	500
4	88	502
2	88	503
5	88	507
3	88	513
1	88	516
2	88	521
2	88	538
4	88	547
3	88	551
1	88	565
4	88	576
5	88	587
2	89	305
3	89	311
3	89	368
1	89	371
2	89	380
1	89	381
3	89	389
1	89	391
2	89	398
1	89	401
4	89	419
3	89	423
2	89	436
3	89	445
4	89	477
4	89	502
1	89	508
5	89	521
2	89	522
3	89	525
2	89	540
3	89	580
4	89	581
1	89	586
1	90	372
1	90	419
2	90	440
3	90	443
3	90	449
1	90	457
3	90	468
3	90	483
2	90	490
2	90	493
3	90	502
2	90	503
4	90	514
2	90	516
2	90	519
1	90	520
2	90	529
5	90	539
1	90	541
1	90	543
1	90	558
2	90	562
4	90	569
5	90	578
3	91	323
2	91	378
4	91	389
1	91	400
3	91	409
1	91	429
1	91	439
4	91	452
3	91	454
1	91	457
5	91	468
1	91	469
1	91	487
2	91	496
5	91	502
5	91	509
4	91	517
3	91	518
3	91	519
3	91	537
2	91	549
1	91	563
1	91	572
3	91	587
1	92	303
1	92	324
1	92	390
1	92	465
1	92	514
3	92	517
4	92	518
1	92	520
1	92	522
1	92	524
3	92	525
1	92	527
1	92	528
1	92	530
2	92	537
1	92	547
5	92	550
2	92	552
3	92	556
1	92	573
3	92	580
4	92	582
1	92	584
5	92	586
2	93	296
1	93	342
4	93	445
3	93	447
3	93	455
3	93	457
1	93	465
2	93	477
3	93	478
1	93	485
1	93	496
2	93	510
3	93	513
3	93	523
5	93	536
2	93	538
4	93	539
1	93	541
4	93	542
1	93	543
3	93	552
3	93	558
1	93	574
3	93	578
1	94	304
1	94	305
1	94	391
1	94	449
4	94	460
5	94	463
1	94	468
3	94	491
1	94	494
1	94	499
2	94	501
1	94	503
1	94	505
1	94	509
2	94	521
3	94	526
1	94	537
3	94	539
1	94	575
1	94	580
3	94	582
2	94	583
2	94	585
3	94	586
1	95	292
1	95	298
1	95	317
1	95	321
1	95	348
2	95	369
1	95	376
1	95	405
1	95	415
1	95	429
4	95	464
4	95	476
3	95	513
5	95	517
2	95	518
3	95	523
4	95	525
4	95	537
5	95	542
2	95	545
1	95	549
1	95	552
4	95	568
5	95	578
1	96	344
3	96	396
3	96	462
3	96	467
3	96	478
2	96	482
3	96	485
5	96	523
2	96	529
4	96	530
5	96	536
3	96	537
1	96	538
3	96	539
3	96	540
5	96	542
1	96	544
3	96	546
3	96	547
1	96	548
2	96	549
3	96	550
5	96	552
1	96	559
1	97	304
1	97	308
1	97	321
1	97	326
1	97	358
1	97	369
1	97	382
1	97	385
1	97	388
1	97	485
3	97	514
2	97	517
2	97	519
3	97	520
1	97	521
5	97	523
4	97	527
3	97	531
1	97	537
2	97	541
4	97	542
2	97	544
3	97	547
1	97	550
1	98	326
1	98	464
3	98	479
5	98	481
3	98	507
1	98	519
1	98	521
1	98	524
1	98	525
3	98	527
3	98	531
1	98	534
1	98	536
1	98	538
1	98	540
1	98	546
1	98	550
1	98	552
3	98	554
1	98	555
1	98	570
3	98	580
1	98	581
1	98	585
3	99	409
3	99	446
3	99	452
3	99	453
4	99	454
4	99	463
3	99	478
3	99	491
4	99	493
3	99	497
2	99	501
5	99	503
4	99	504
3	99	509
3	99	510
2	99	516
3	99	536
3	99	538
3	99	541
3	99	546
3	99	553
3	99	558
2	99	565
3	99	581
3	100	381
3	100	406
1	100	431
1	100	432
1	100	440
3	100	449
1	100	455
2	100	458
1	100	460
1	100	464
1	100	469
1	100	475
1	100	476
5	100	481
1	100	491
1	100	499
1	100	515
4	100	521
3	100	537
1	100	549
3	100	558
2	100	578
3	100	587
2	100	588
4	101	292
3	101	367
4	101	402
3	101	452
4	101	464
4	101	468
2	101	473
4	101	477
3	101	478
3	101	482
4	101	488
4	101	490
2	101	496
4	101	502
4	101	513
4	101	523
4	101	536
3	101	537
3	101	541
4	101	542
4	101	557
3	101	567
2	101	578
3	101	580
1	102	336
1	102	356
2	102	412
1	102	423
2	102	514
1	102	516
1	102	518
2	102	519
1	102	522
1	102	524
3	102	526
3	102	527
3	102	531
5	102	540
3	102	541
3	102	542
1	102	543
1	102	544
1	102	545
2	102	546
3	102	547
1	102	549
1	102	573
1	102	574
3	103	326
4	103	445
5	103	447
5	103	461
2	103	465
1	103	469
4	103	474
5	103	487
5	103	508
1	103	516
5	103	517
3	103	534
5	103	537
1	103	538
2	103	540
5	103	541
4	103	542
3	103	543
4	103	549
5	103	556
3	103	558
1	103	574
3	103	583
2	103	584
1	104	302
2	104	310
2	104	313
1	104	315
3	104	357
1	104	369
1	104	377
3	104	383
2	104	409
2	104	428
2	104	430
2	104	476
2	104	499
1	104	516
5	104	517
2	104	538
2	104	540
4	104	541
2	104	547
1	104	548
3	104	549
4	104	550
2	104	563
1	104	572
4	105	433
4	105	440
1	105	441
5	105	455
2	105	457
4	105	470
3	105	484
1	105	514
3	105	516
1	105	520
1	105	532
1	105	534
1	105	541
2	105	543
1	105	546
1	105	549
5	105	565
3	105	567
1	105	571
1	105	572
4	105	584
4	105	586
3	105	587
4	105	588
2	106	408
1	106	421
4	106	440
2	106	452
2	106	461
1	106	467
4	106	468
3	106	482
4	106	490
2	106	496
4	106	502
2	106	525
5	106	527
2	106	532
5	106	536
5	106	538
5	106	539
3	106	541
2	106	549
2	106	559
4	106	563
3	106	564
3	106	567
2	106	588
1	107	357
1	107	362
1	107	514
2	107	517
1	107	520
1	107	521
1	107	523
1	107	526
2	107	528
1	107	529
1	107	532
4	107	533
3	107	536
3	107	537
1	107	544
1	107	548
5	107	550
4	107	553
3	107	554
2	107	556
3	107	557
1	107	575
4	107	585
1	107	588
1	108	298
1	108	307
1	108	461
1	108	477
1	108	485
3	108	488
1	108	510
2	108	517
1	108	518
1	108	522
3	108	523
2	108	536
1	108	540
1	108	541
1	108	544
1	108	548
1	108	549
1	108	554
1	108	555
5	108	557
2	108	558
1	108	577
3	108	585
1	108	587
3	109	305
3	109	325
3	109	331
4	109	333
4	109	337
3	109	365
4	109	383
3	109	393
3	109	395
3	109	413
3	109	416
4	109	432
4	109	433
4	109	455
2	109	468
3	109	473
2	109	493
5	109	503
4	109	515
4	109	532
4	109	542
3	109	556
4	109	568
3	109	582
4	110	290
1	110	396
3	110	497
1	110	516
4	110	517
4	110	518
3	110	519
4	110	520
5	110	521
4	110	533
5	110	539
2	110	540
4	110	541
3	110	542
4	110	543
3	110	544
1	110	545
5	110	546
1	110	547
3	110	548
5	110	549
4	110	551
3	110	552
3	110	581
1	111	313
3	111	382
2	111	389
1	111	405
1	111	417
2	111	440
1	111	444
2	111	445
1	111	460
1	111	465
1	111	470
2	111	489
2	111	527
1	111	529
3	111	530
3	111	532
1	111	540
3	111	541
3	111	546
3	111	553
5	111	557
1	111	574
1	111	579
2	111	581
1	112	395
3	112	481
3	112	485
1	112	491
3	112	504
1	112	505
2	112	511
3	112	513
1	112	516
1	112	522
5	112	523
3	112	528
4	112	531
1	112	532
5	112	542
1	112	555
3	112	556
2	112	558
2	112	567
5	112	569
1	112	570
1	112	579
4	112	585
5	112	586
1	113	453
1	113	455
4	113	463
1	113	470
1	113	474
1	113	486
1	113	489
1	113	495
1	113	499
4	113	502
1	113	507
5	113	510
1	113	512
3	113	513
1	113	518
4	113	523
5	113	524
1	113	533
1	113	540
1	113	548
1	113	574
1	113	579
3	113	581
1	113	582
1	114	447
3	114	459
1	114	460
1	114	461
3	114	463
2	114	471
1	114	473
5	114	483
1	114	494
1	114	506
2	114	517
2	114	519
1	114	520
2	114	521
1	114	532
2	114	539
4	114	552
1	114	560
1	114	561
2	114	564
5	114	569
1	114	573
1	114	575
1	114	589
3	115	349
2	115	400
5	115	428
3	115	435
3	115	438
3	115	443
3	115	448
3	115	469
4	115	483
3	115	504
2	115	507
3	115	511
3	115	524
2	115	531
3	115	536
2	115	537
4	115	538
4	115	539
2	115	540
2	115	543
5	115	546
4	115	553
3	115	570
2	115	572
4	116	322
2	116	335
3	116	379
5	116	443
4	116	468
4	116	477
5	116	483
5	116	514
2	116	516
5	116	517
3	116	519
2	116	534
5	116	538
4	116	539
2	116	540
3	116	543
1	116	545
5	116	547
1	116	548
3	116	549
3	116	550
5	116	553
3	116	563
4	116	569
4	117	290
2	117	298
4	117	308
4	117	309
2	117	314
2	117	338
3	117	357
1	117	366
3	117	390
3	117	411
1	117	413
3	117	448
2	117	479
5	117	490
5	117	503
4	117	514
3	117	519
2	117	524
3	117	526
3	117	533
3	117	572
2	117	574
2	117	577
4	117	588
1	118	320
1	118	323
1	118	342
1	118	391
4	118	464
3	118	477
1	118	519
1	118	520
1	118	521
1	118	522
1	118	525
3	118	526
2	118	528
1	118	529
1	118	531
2	118	533
1	118	538
3	118	540
3	118	542
1	118	545
1	118	548
1	118	550
1	118	566
3	118	578
3	119	336
1	119	346
2	119	356
2	119	446
4	119	450
1	119	454
3	119	456
1	119	473
2	119	519
3	119	533
4	119	536
4	119	538
2	119	539
1	119	540
4	119	542
1	119	544
1	119	554
2	119	560
4	119	562
1	119	571
1	119	573
1	119	577
4	119	587
4	119	589
1	120	365
2	120	441
1	120	463
1	120	466
1	120	479
1	120	496
4	120	498
1	120	514
5	120	517
1	120	524
1	120	529
2	120	531
4	120	537
1	120	539
5	120	542
1	120	544
1	120	547
1	120	548
1	120	560
1	120	571
1	120	573
5	120	578
3	120	580
5	120	587
1	121	362
1	121	371
1	121	440
1	121	445
1	121	468
1	121	477
3	121	478
4	121	483
1	121	486
1	121	503
1	121	513
3	121	514
1	121	517
1	121	527
1	121	534
1	121	536
2	121	542
1	121	546
2	121	553
3	121	554
1	121	568
4	121	572
1	121	578
1	121	580
1	122	385
4	122	451
4	122	452
4	122	454
2	122	463
5	122	467
4	122	480
3	122	481
1	122	486
1	122	491
4	122	493
1	122	505
1	122	506
3	122	513
1	122	543
5	122	547
4	122	554
3	122	561
5	122	562
1	122	565
2	122	575
3	122	585
4	122	587
4	122	589
1	123	443
1	123	445
2	123	448
2	123	449
1	123	450
1	123	457
2	123	460
2	123	491
1	123	501
5	123	503
2	123	514
5	123	523
2	123	524
2	123	543
2	123	544
3	123	546
5	123	552
2	123	558
3	123	570
1	123	574
3	123	577
4	123	578
3	123	582
1	123	584
3	124	441
2	124	442
3	124	451
2	124	456
1	124	466
2	124	471
2	124	480
1	124	485
2	124	486
1	124	488
3	124	493
4	124	497
5	124	500
3	124	506
1	124	507
1	124	522
5	124	533
5	124	535
4	124	544
1	124	551
2	124	554
5	124	561
1	124	576
2	124	587
1	125	345
1	125	355
1	125	444
2	125	446
3	125	457
2	125	467
1	125	472
4	125	477
3	125	490
1	125	492
2	125	495
4	125	497
1	125	505
1	125	522
5	125	534
2	125	547
2	125	554
1	125	555
3	125	558
4	125	563
3	125	571
1	125	574
3	125	576
5	125	582
3	126	290
4	126	308
4	126	344
5	126	386
4	126	387
3	126	389
5	126	390
4	126	391
4	126	392
5	126	395
3	126	438
2	126	466
4	126	514
5	126	530
4	126	532
5	126	537
5	126	538
3	126	539
4	126	542
3	126	543
5	126	552
3	126	553
4	126	570
5	126	573
3	127	345
3	127	456
1	127	459
5	127	491
4	127	515
2	127	518
4	127	521
2	127	525
4	127	527
3	127	528
3	127	531
2	127	534
3	127	540
4	127	543
2	127	550
4	127	554
2	127	559
3	127	568
2	127	571
3	127	573
2	127	574
3	127	575
2	127	580
2	127	584
2	128	302
3	128	308
4	128	314
1	128	317
3	128	339
4	128	341
3	128	344
1	128	348
4	128	364
2	128	367
3	128	368
1	128	376
5	128	377
4	128	388
2	128	389
3	128	392
2	128	405
2	128	419
4	128	423
1	128	429
2	128	431
4	128	434
1	128	439
3	128	500
2	129	297
2	129	315
1	129	317
3	129	339
2	129	346
2	129	349
2	129	356
4	129	361
3	129	364
2	129	367
1	129	379
3	129	386
4	129	387
3	129	389
2	129	390
3	129	392
4	129	393
3	129	415
5	129	419
2	129	422
3	129	427
1	129	433
1	129	434
4	129	436
4	130	290
1	130	317
3	130	327
5	130	339
2	130	348
4	130	361
3	130	368
4	130	370
2	130	376
4	130	377
4	130	386
2	130	387
3	130	389
4	130	390
3	130	391
2	130	405
3	130	407
4	130	410
3	130	411
2	130	419
5	130	423
3	130	428
3	130	434
4	130	495
3	131	296
1	131	297
3	131	298
1	131	304
1	131	321
1	131	349
5	131	352
2	131	366
2	131	373
1	131	379
2	131	386
1	131	387
3	131	389
1	131	392
3	131	397
2	131	399
1	131	400
1	131	403
4	131	404
1	131	406
1	131	413
2	131	434
4	131	436
1	131	443
3	132	290
5	132	294
2	132	300
3	132	322
4	132	339
1	132	348
5	132	358
4	132	380
2	132	386
2	132	387
3	132	388
4	132	389
3	132	390
4	132	391
5	132	392
4	132	393
2	132	407
4	132	408
5	132	410
5	132	423
5	132	431
4	132	439
1	132	519
1	132	576
3	133	339
3	133	361
3	133	367
3	133	370
4	133	375
3	133	377
4	133	383
3	133	386
3	133	387
3	133	388
4	133	389
2	133	390
4	133	391
3	133	392
4	133	402
4	133	403
3	133	410
3	133	411
3	133	426
4	133	435
3	133	438
3	133	476
2	133	512
2	133	589
4	134	290
1	134	319
4	134	323
4	134	361
2	134	378
3	134	380
3	134	381
3	134	386
2	134	387
3	134	388
2	134	390
2	134	392
5	134	402
1	134	409
4	134	410
4	134	411
4	134	426
3	134	427
4	134	431
5	134	432
1	134	439
1	134	459
3	134	509
2	134	516
4	135	290
3	135	326
5	135	368
1	135	369
1	135	372
2	135	373
3	135	374
4	135	375
2	135	377
1	135	379
1	135	384
4	135	386
2	135	387
5	135	389
5	135	395
4	135	398
1	135	399
4	135	402
3	135	403
4	135	404
5	135	419
5	135	432
2	135	482
4	135	572
2	136	319
1	136	369
3	136	379
2	136	383
1	136	386
4	136	387
1	136	388
4	136	389
3	136	390
2	136	391
3	136	392
3	136	402
4	136	404
4	136	419
2	136	423
3	136	424
3	136	433
2	136	434
4	136	435
3	136	436
3	136	438
4	136	449
5	136	478
4	136	496
3	137	290
2	137	309
1	137	322
2	137	323
2	137	327
1	137	356
5	137	358
2	137	361
3	137	368
3	137	370
1	137	371
1	137	381
1	137	383
2	137	390
1	137	401
1	137	402
3	137	411
3	137	412
1	137	413
1	137	421
5	137	431
3	137	432
1	137	433
4	137	439
1	138	322
1	138	328
1	138	329
1	138	338
1	138	351
1	138	365
4	138	369
1	138	372
1	138	373
1	138	374
1	138	375
4	138	377
1	138	380
1	138	381
1	138	384
2	138	391
1	138	394
1	138	397
1	138	402
1	138	408
2	138	416
1	138	417
1	138	420
1	138	427
3	139	291
1	139	301
3	139	303
2	139	305
2	139	333
2	139	342
2	139	345
3	139	363
4	139	364
2	139	367
4	139	372
2	139	386
3	139	388
4	139	389
3	139	390
3	139	391
3	139	393
3	139	400
4	139	413
4	139	437
1	139	456
1	139	462
2	139	528
1	139	545
4	140	290
3	140	308
3	140	309
5	140	311
2	140	315
4	140	339
4	140	340
5	140	344
4	140	356
4	140	361
4	140	370
3	140	378
4	140	386
4	140	387
4	140	389
3	140	390
3	140	391
3	140	407
5	140	410
4	140	411
4	140	421
5	140	422
4	140	427
1	140	525
3	141	297
3	141	303
1	141	305
5	141	306
3	141	311
2	141	316
1	141	320
3	141	333
3	141	343
2	141	347
4	141	353
4	141	357
4	141	365
2	141	376
3	141	379
2	141	387
4	141	392
3	141	396
3	141	398
1	141	414
3	141	421
3	141	437
4	141	438
4	141	439
3	142	297
2	142	315
2	142	324
4	142	331
4	142	333
4	142	341
4	142	357
2	142	370
4	142	373
4	142	380
3	142	386
5	142	388
4	142	406
4	142	416
5	142	420
2	142	423
2	142	424
4	142	428
3	142	436
1	142	464
1	142	514
1	142	531
1	142	551
1	142	570
3	143	290
2	143	302
4	143	341
3	143	349
2	143	358
5	143	368
2	143	369
4	143	370
3	143	377
4	143	380
4	143	387
4	143	388
3	143	389
2	143	390
3	143	391
3	143	392
2	143	412
1	143	421
3	143	427
3	143	436
3	143	438
2	143	439
3	143	450
3	143	575
3	144	290
5	144	297
4	144	308
1	144	348
2	144	351
4	144	367
2	144	370
1	144	372
2	144	374
4	144	379
5	144	380
1	144	381
3	144	388
5	144	398
3	144	399
2	144	405
4	144	409
2	144	421
3	144	423
1	144	425
2	144	431
1	144	432
2	144	435
5	144	437
5	145	290
2	145	299
1	145	311
2	145	323
2	145	326
1	145	328
3	145	351
2	145	364
2	145	367
4	145	383
1	145	387
2	145	388
4	145	389
3	145	390
4	145	392
5	145	393
2	145	400
4	145	409
3	145	413
4	145	441
2	145	462
3	145	502
2	145	543
4	145	565
3	146	292
1	146	296
3	146	300
3	146	309
2	146	310
1	146	311
2	146	312
2	146	322
1	146	323
2	146	324
1	146	332
3	146	336
1	146	337
1	146	351
1	146	358
1	146	379
4	146	380
1	146	389
1	146	392
2	146	401
2	146	402
3	146	407
1	146	514
1	146	565
2	147	290
2	147	294
3	147	309
1	147	322
2	147	325
2	147	326
2	147	336
2	147	338
2	147	339
1	147	348
2	147	353
3	147	365
2	147	366
2	147	380
1	147	381
2	147	389
4	147	408
3	147	410
2	147	416
1	147	420
1	147	424
1	147	427
3	147	431
2	147	432
5	148	290
2	148	310
4	148	311
1	148	317
5	148	332
3	148	334
2	148	346
4	148	348
4	148	357
3	148	366
5	148	370
2	148	379
3	148	386
5	148	388
4	148	389
2	148	390
4	148	398
3	148	405
4	148	419
2	148	425
3	148	429
2	148	430
1	148	463
1	148	465
3	149	290
2	149	294
4	149	299
3	149	309
3	149	326
2	149	338
3	149	339
1	149	351
3	149	358
2	149	365
1	149	381
1	149	387
3	149	389
2	149	391
2	149	392
3	149	423
2	149	427
2	149	432
4	149	439
2	149	509
1	149	510
1	149	521
1	149	526
3	149	542
3	150	311
4	150	314
4	150	323
3	150	366
2	150	369
3	150	374
3	150	379
5	150	380
2	150	387
3	150	388
4	150	389
2	150	392
2	150	394
4	150	401
3	150	406
3	150	409
4	150	411
3	150	416
1	150	418
3	150	423
5	150	426
3	150	433
5	150	437
1	150	479
4	151	290
4	151	350
3	151	369
4	151	370
3	151	372
3	151	373
4	151	374
4	151	384
4	151	385
3	151	388
2	151	389
2	151	392
5	151	393
4	151	394
2	151	395
4	151	397
4	151	402
3	151	404
3	151	421
3	151	425
3	151	427
3	151	439
4	151	488
3	151	509
2	152	306
1	152	312
1	152	316
1	152	321
1	152	348
2	152	359
1	152	364
2	152	368
3	152	370
1	152	372
1	152	386
5	152	388
1	152	390
1	152	392
1	152	395
1	152	400
1	152	404
1	152	406
3	152	411
2	152	417
1	152	430
3	152	431
3	152	436
1	152	565
2	153	294
4	153	306
1	153	307
1	153	337
3	153	344
3	153	362
2	153	381
2	153	395
4	153	397
4	153	408
3	153	418
1	153	442
2	153	457
1	153	478
3	153	493
1	153	500
1	153	512
1	153	518
2	153	525
1	153	538
1	153	559
1	153	564
1	153	569
1	153	574
3	154	290
4	154	311
3	154	315
3	154	332
4	154	380
3	154	387
3	154	404
5	154	424
3	154	433
3	154	436
3	154	444
3	154	448
2	154	469
4	154	483
4	154	500
4	154	504
3	154	511
3	154	514
4	154	536
3	154	538
3	154	557
3	154	570
4	154	572
3	154	581
2	155	290
1	155	368
2	155	377
1	155	378
1	155	384
3	155	386
2	155	387
1	155	388
3	155	390
3	155	392
3	155	393
2	155	397
1	155	398
1	155	399
3	155	402
2	155	426
3	155	427
2	155	431
2	155	435
4	155	437
2	155	439
1	155	449
3	155	523
1	155	582
4	156	290
3	156	293
3	156	299
2	156	312
3	156	315
4	156	326
3	156	328
3	156	338
3	156	354
3	156	359
4	156	382
3	156	386
3	156	387
4	156	388
3	156	389
2	156	390
3	156	391
4	156	392
2	156	399
3	156	409
2	156	430
3	156	443
3	156	498
3	156	511
4	157	296
2	157	302
2	157	330
2	157	385
3	157	390
3	157	392
3	157	398
4	157	410
2	157	412
3	157	418
5	157	431
4	157	453
4	157	459
3	157	460
3	157	466
4	157	486
4	157	487
3	157	490
2	157	528
3	157	539
5	157	548
4	157	556
5	157	563
4	157	571
4	158	290
3	158	317
2	158	328
1	158	376
1	158	387
2	158	388
3	158	389
2	158	390
4	158	393
3	158	394
4	158	395
4	158	397
2	158	398
3	158	399
1	158	400
1	158	405
1	158	415
3	158	419
1	158	429
2	158	434
3	158	452
1	158	507
2	158	550
2	158	589
2	159	313
1	159	322
2	159	323
4	159	339
2	159	348
2	159	351
3	159	358
2	159	361
3	159	365
2	159	374
2	159	386
4	159	388
3	159	389
3	159	391
3	159	392
3	159	410
3	159	423
3	159	426
3	159	431
3	159	432
3	159	439
2	159	466
2	159	507
3	159	573
2	160	290
4	160	292
3	160	294
1	160	319
1	160	321
1	160	322
1	160	324
1	160	367
1	160	372
1	160	376
1	160	381
3	160	391
1	160	394
1	160	398
1	160	401
1	160	402
2	160	404
1	160	406
1	160	409
1	160	412
1	160	414
1	160	415
1	160	427
2	160	428
3	161	290
3	161	297
1	161	317
2	161	320
3	161	327
2	161	330
2	161	349
2	161	376
4	161	380
1	161	386
2	161	387
2	161	388
2	161	389
1	161	390
3	161	392
3	161	408
3	161	416
2	161	424
4	161	433
3	161	434
2	161	436
4	161	458
2	161	472
2	161	495
3	162	290
4	162	309
1	162	315
1	162	317
1	162	318
1	162	332
1	162	346
3	162	348
3	162	357
1	162	360
1	162	376
1	162	386
1	162	387
1	162	388
2	162	389
3	162	390
2	162	392
1	162	411
1	162	414
2	162	415
4	162	427
1	162	429
1	162	472
1	162	492
4	163	313
1	163	315
3	163	317
4	163	325
1	163	334
4	163	380
1	163	383
3	163	385
1	163	386
5	163	397
1	163	403
5	163	409
1	163	413
3	163	421
4	163	432
3	163	445
3	163	447
5	163	500
2	163	526
4	163	536
2	163	576
5	163	583
2	163	584
3	163	588
2	164	294
3	164	349
2	164	356
2	164	359
3	164	364
2	164	367
4	164	370
1	164	389
5	164	393
2	164	398
1	164	400
2	164	402
2	164	434
3	164	474
3	164	496
4	164	503
3	164	505
4	164	524
3	164	528
3	164	530
4	164	538
2	164	571
3	164	582
2	164	583
3	165	297
3	165	299
4	165	326
2	165	327
3	165	339
2	165	360
4	165	380
4	165	399
3	165	421
2	165	424
4	165	428
3	165	430
3	165	433
2	165	436
2	165	438
3	165	444
2	165	465
3	165	476
2	165	477
2	165	510
2	165	529
2	165	536
2	165	541
2	165	553
2	166	290
4	166	312
2	166	322
4	166	323
3	166	339
3	166	377
4	166	378
4	166	387
3	166	388
4	166	390
4	166	399
4	166	404
4	166	408
2	166	409
4	166	410
2	166	430
5	166	431
4	166	432
5	166	439
1	166	477
1	166	507
1	166	514
1	166	543
1	166	579
1	167	325
1	167	330
5	167	336
3	167	347
1	167	351
4	167	358
2	167	380
5	167	381
4	167	382
2	167	388
1	167	390
2	167	391
4	167	408
3	167	410
1	167	416
1	167	420
3	167	423
2	167	427
4	167	431
4	167	432
2	167	439
1	167	442
1	167	527
1	167	578
5	168	290
1	168	291
2	168	293
2	168	297
2	168	327
1	168	361
5	168	380
2	168	387
3	168	388
2	168	407
5	168	410
2	168	411
1	168	413
2	168	424
1	168	431
4	168	432
3	168	433
5	168	436
2	168	438
1	168	439
3	168	461
4	168	490
1	168	546
1	168	584
2	169	306
1	169	307
2	169	309
1	169	310
1	169	315
2	169	318
1	169	323
2	169	339
1	169	364
2	169	370
2	169	371
1	169	376
1	169	379
2	169	394
1	169	395
2	169	403
3	169	408
1	169	409
1	169	424
4	169	431
3	169	434
1	169	461
1	169	490
1	169	569
3	170	290
1	170	291
4	170	292
2	170	295
1	170	298
1	170	307
2	170	309
1	170	316
1	170	320
1	170	336
1	170	345
5	170	352
1	170	371
4	170	375
4	170	377
1	170	386
1	170	402
4	170	404
1	170	405
1	170	409
1	170	421
1	170	428
1	170	429
1	170	573
5	171	290
2	171	367
4	171	370
4	171	371
4	171	374
4	171	375
3	171	378
2	171	379
4	171	381
4	171	383
4	171	385
3	171	387
5	171	389
3	171	391
4	171	392
4	171	395
3	171	396
3	171	399
3	171	412
5	171	419
4	171	432
4	171	454
2	171	509
4	171	541
3	172	290
2	172	339
3	172	362
3	172	370
1	172	377
2	172	378
3	172	388
2	172	389
1	172	390
2	172	391
2	172	392
2	172	396
3	172	407
2	172	410
3	172	411
1	172	418
1	172	421
3	172	423
5	172	428
2	172	431
2	172	432
1	172	454
1	172	514
1	172	582
5	173	290
4	173	303
1	173	305
1	173	312
5	173	319
4	173	333
3	173	342
2	173	347
5	173	363
4	173	364
2	173	367
5	173	389
3	173	390
4	173	391
4	173	392
5	173	393
3	173	400
3	173	413
4	173	420
4	173	436
5	173	437
1	173	449
1	173	473
1	173	491
4	174	290
1	174	294
2	174	299
2	174	309
2	174	322
2	174	325
3	174	326
3	174	338
2	174	347
3	174	380
2	174	386
1	174	387
2	174	388
2	174	389
2	174	391
3	174	392
3	174	408
4	174	410
3	174	420
4	174	423
1	174	424
2	174	431
1	174	444
2	174	459
3	175	294
1	175	300
1	175	306
2	175	310
1	175	311
1	175	317
1	175	320
1	175	322
1	175	366
1	175	371
4	175	387
5	175	388
2	175	389
1	175	390
2	175	392
3	175	393
2	175	410
4	175	411
1	175	414
2	175	415
1	175	422
3	175	427
2	175	439
1	175	565
3	176	290
1	176	348
1	176	380
3	176	381
2	176	382
1	176	387
2	176	388
3	176	389
1	176	390
1	176	392
1	176	408
3	176	410
1	176	416
1	176	420
5	176	423
3	176	424
5	176	427
2	176	431
2	176	432
2	176	433
1	176	439
1	176	468
1	176	529
1	176	565
5	177	290
3	177	294
5	177	299
4	177	300
1	177	322
1	177	325
2	177	326
1	177	329
3	177	338
1	177	339
2	177	351
2	177	353
1	177	365
1	177	381
2	177	386
2	177	389
4	177	391
2	177	403
3	177	427
5	177	432
3	177	439
3	177	456
2	177	500
2	177	522
4	178	290
1	178	317
4	178	332
2	178	334
3	178	357
3	178	371
4	178	373
2	178	376
2	178	386
2	178	387
4	178	388
3	178	390
3	178	391
3	178	392
3	178	405
5	178	415
3	178	419
3	178	434
1	178	450
1	178	479
1	178	497
1	178	498
1	178	551
1	178	563
3	179	299
4	179	317
5	179	339
3	179	348
4	179	363
4	179	370
4	179	376
4	179	386
2	179	387
3	179	388
2	179	389
3	179	390
5	179	392
4	179	405
1	179	407
4	179	410
4	179	415
3	179	419
2	179	421
4	179	423
4	179	428
3	179	429
4	179	438
3	179	580
3	180	362
3	180	368
4	180	370
3	180	371
4	180	379
4	180	380
3	180	381
3	180	383
5	180	386
4	180	391
4	180	393
5	180	394
5	180	395
3	180	396
4	180	397
4	180	398
3	180	400
3	180	402
3	180	403
4	180	419
3	180	432
2	180	492
4	180	568
2	180	571
4	181	292
2	181	298
4	181	302
1	181	310
2	181	317
4	181	346
5	181	348
3	181	357
3	181	370
2	181	376
2	181	379
3	181	384
2	181	387
3	181	389
2	181	390
4	181	391
4	181	396
3	181	419
5	181	428
3	181	432
2	181	434
2	181	438
2	181	507
2	181	565
3	182	290
1	182	293
3	182	324
4	182	326
4	182	328
3	182	338
1	182	354
1	182	372
2	182	373
1	182	386
1	182	387
4	182	388
5	182	389
1	182	390
3	182	391
1	182	392
1	182	399
1	182	401
3	182	409
1	182	420
2	182	443
1	182	447
3	182	450
2	182	526
3	183	291
3	183	294
4	183	303
4	183	309
3	183	315
4	183	334
2	183	342
4	183	350
5	183	353
3	183	359
3	183	369
3	183	373
2	183	380
3	183	382
3	183	395
1	183	408
2	183	412
2	183	413
3	183	416
4	183	427
2	183	431
2	183	433
2	183	439
1	183	472
4	184	290
2	184	293
2	184	304
2	184	328
2	184	345
3	184	356
2	184	360
3	184	362
1	184	383
3	184	388
2	184	391
4	184	397
3	184	399
2	184	406
4	184	409
3	184	412
2	184	414
4	184	417
3	184	427
3	184	434
2	184	437
3	184	439
2	184	527
3	184	544
1	185	298
1	185	301
1	185	303
1	185	317
1	185	333
1	185	365
1	185	386
1	185	387
4	185	389
3	185	391
3	185	392
2	185	394
1	185	398
5	185	410
1	185	418
1	185	421
3	185	427
3	185	432
2	185	436
1	185	439
1	185	498
1	185	500
1	185	531
1	185	565
4	186	290
2	186	315
2	186	327
4	186	330
1	186	337
2	186	344
2	186	349
3	186	356
4	186	380
2	186	386
3	186	388
3	186	389
3	186	391
3	186	392
2	186	412
2	186	416
3	186	423
3	186	424
2	186	433
2	186	436
2	186	453
2	186	514
3	186	531
3	186	573
4	187	290
2	187	334
3	187	339
2	187	349
1	187	361
2	187	376
2	187	380
2	187	386
2	187	387
2	187	389
2	187	390
3	187	391
2	187	392
1	187	394
2	187	395
1	187	396
1	187	400
3	187	408
3	187	416
2	187	424
2	187	426
2	187	436
2	187	551
3	187	585
3	188	290
1	188	310
1	188	317
1	188	348
1	188	364
1	188	367
4	188	368
4	188	370
3	188	380
3	188	387
3	188	388
1	188	389
1	188	392
1	188	400
1	188	405
1	188	407
1	188	415
1	188	416
1	188	419
1	188	421
3	188	428
1	188	429
1	188	436
1	188	582
3	189	299
2	189	315
3	189	324
4	189	326
2	189	327
4	189	339
2	189	349
2	189	364
3	189	370
4	189	376
4	189	378
3	189	380
5	189	386
4	189	389
4	189	391
4	189	411
3	189	412
2	189	413
2	189	416
4	189	422
4	189	427
2	189	429
2	189	433
1	189	492
4	190	368
4	190	369
2	190	371
3	190	374
4	190	375
4	190	376
5	190	378
3	190	385
2	190	386
2	190	387
5	190	390
5	190	391
5	190	392
4	190	393
4	190	395
3	190	398
3	190	413
5	190	419
2	190	429
5	190	432
5	190	434
5	190	437
1	190	479
2	190	577
3	191	290
3	191	298
3	191	306
4	191	316
1	191	337
4	191	343
2	191	353
4	191	374
4	191	386
3	191	387
4	191	388
5	191	389
3	191	390
3	191	391
4	191	392
5	191	394
4	191	395
3	191	406
5	191	437
5	191	447
5	191	455
3	191	526
3	191	553
5	191	589
1	192	300
1	192	310
1	192	314
1	192	320
2	192	322
1	192	325
2	192	326
4	192	336
1	192	339
1	192	340
5	192	348
1	192	360
1	192	365
1	192	366
3	192	382
1	192	391
2	192	392
1	192	400
1	192	409
1	192	416
2	192	424
3	192	432
1	192	452
1	192	464
3	193	293
3	193	297
2	193	303
3	193	305
3	193	345
1	193	348
4	193	349
4	193	380
3	193	386
1	193	400
3	193	405
4	193	409
3	193	413
3	193	415
5	193	416
4	193	419
3	193	424
2	193	429
2	193	430
4	193	433
3	193	434
4	193	436
1	193	461
3	193	552
4	194	290
1	194	291
1	194	310
1	194	367
5	194	370
1	194	372
2	194	374
1	194	376
1	194	378
1	194	389
1	194	390
3	194	391
3	194	394
2	194	395
1	194	400
4	194	410
4	194	411
1	194	413
2	194	419
2	194	421
2	194	429
2	194	434
4	194	437
3	194	438
4	195	290
2	195	332
3	195	367
3	195	369
4	195	370
4	195	374
3	195	375
1	195	376
4	195	377
2	195	378
1	195	384
2	195	385
2	195	386
3	195	387
3	195	388
3	195	389
1	195	390
3	195	391
3	195	393
5	195	397
2	195	398
4	195	417
1	195	440
1	195	573
4	196	293
1	196	295
1	196	305
1	196	311
1	196	325
1	196	329
2	196	330
3	196	341
2	196	346
1	196	348
2	196	354
3	196	370
1	196	372
2	196	375
2	196	377
2	196	380
1	196	381
1	196	393
2	196	403
2	196	415
1	196	425
2	196	428
1	196	435
2	196	439
4	197	293
3	197	309
4	197	311
3	197	356
2	197	360
3	197	367
3	197	370
4	197	385
3	197	386
2	197	387
4	197	391
4	197	392
1	197	396
2	197	398
5	197	400
1	197	401
3	197	403
5	197	407
1	197	414
2	197	421
3	197	427
3	197	428
1	197	456
1	197	461
3	198	290
2	198	291
4	198	298
1	198	348
3	198	352
2	198	364
1	198	367
2	198	376
3	198	387
3	198	388
3	198	389
2	198	390
2	198	393
4	198	394
2	198	396
4	198	397
3	198	399
4	198	413
2	198	415
2	198	419
3	198	429
3	198	434
3	198	561
2	198	564
4	199	292
3	199	295
4	199	298
3	199	313
3	199	314
3	199	315
2	199	320
3	199	323
3	199	335
4	199	352
4	199	369
3	199	370
5	199	377
3	199	381
4	199	385
3	199	387
3	199	394
3	199	407
3	199	410
2	199	421
3	199	427
3	199	431
3	199	436
4	199	438
4	200	299
3	200	311
3	200	322
2	200	325
3	200	330
4	200	339
3	200	351
2	200	358
3	200	373
5	200	380
3	200	381
3	200	384
3	200	387
4	200	388
3	200	389
2	200	390
3	200	391
3	200	392
4	200	410
4	200	412
4	200	422
3	200	433
5	200	436
3	200	566
3	201	292
1	201	296
1	201	297
3	201	300
1	201	304
1	201	311
1	201	315
1	201	320
1	201	321
1	201	325
1	201	326
1	201	363
1	201	367
2	201	370
2	201	375
2	201	378
1	201	381
1	201	386
3	201	389
2	201	398
5	201	411
2	201	424
1	201	425
1	201	430
4	202	298
4	202	310
4	202	311
4	202	315
4	202	316
4	202	365
4	202	366
3	202	369
4	202	374
3	202	378
4	202	386
4	202	387
4	202	389
4	202	392
4	202	410
3	202	414
4	202	417
3	202	422
5	202	424
3	202	425
4	202	427
5	202	436
4	202	472
4	202	581
1	203	355
1	203	371
1	203	372
1	203	373
1	203	374
1	203	376
3	203	380
1	203	381
4	203	388
3	203	389
1	203	390
4	203	392
1	203	404
3	203	419
3	203	427
5	203	428
3	203	432
4	203	433
4	203	435
1	203	436
3	203	437
2	203	438
2	203	439
1	203	486
1	204	291
4	204	299
4	204	300
4	204	314
3	204	316
1	204	320
1	204	337
3	204	338
3	204	340
4	204	349
3	204	356
2	204	360
2	204	374
1	204	378
5	204	380
1	204	390
3	204	391
1	204	400
4	204	408
1	204	420
3	204	423
3	204	431
3	204	432
2	204	437
5	205	290
3	205	293
1	205	294
1	205	295
2	205	301
1	205	319
5	205	328
2	205	394
4	205	408
4	205	411
2	205	420
1	205	460
1	205	471
1	205	488
1	205	501
1	205	520
1	205	521
1	205	530
1	205	540
1	205	542
1	205	548
1	205	552
1	205	557
1	205	580
3	206	300
2	206	322
1	206	333
2	206	335
1	206	348
4	206	352
3	206	358
3	206	363
1	206	367
3	206	369
1	206	376
3	206	386
3	206	387
3	206	389
2	206	390
3	206	392
1	206	396
3	206	404
2	206	405
1	206	413
2	206	419
2	206	421
4	206	428
3	206	434
3	207	296
3	207	306
4	207	310
3	207	314
3	207	323
4	207	332
3	207	334
4	207	335
3	207	347
2	207	351
4	207	358
3	207	362
3	207	387
3	207	395
3	207	407
3	207	417
4	207	425
3	207	427
5	207	431
3	207	433
4	207	434
3	207	436
4	207	437
4	207	533
1	208	291
1	208	295
4	208	299
2	208	300
2	208	327
1	208	328
4	208	344
1	208	347
2	208	350
1	208	351
2	208	364
1	208	387
3	208	389
2	208	390
1	208	391
4	208	404
1	208	408
3	208	410
4	208	416
3	208	419
3	208	424
3	208	432
3	208	439
2	208	527
3	209	301
3	209	310
4	209	316
3	209	318
3	209	319
3	209	320
4	209	372
3	209	373
3	209	375
3	209	376
4	209	378
4	209	386
4	209	388
4	209	389
4	209	391
5	209	392
4	209	393
4	209	394
4	209	395
4	209	397
3	209	400
3	209	418
4	209	427
4	209	431
1	210	298
2	210	339
4	210	352
3	210	361
1	210	371
3	210	372
2	210	374
2	210	379
2	210	384
3	210	385
4	210	389
4	210	390
2	210	391
3	210	392
4	210	394
4	210	396
2	210	398
2	210	401
4	210	403
5	210	404
4	210	406
3	210	410
4	210	411
3	210	419
4	211	290
3	211	293
3	211	308
1	211	315
1	211	317
3	211	361
3	211	368
1	211	376
1	211	387
3	211	388
2	211	389
1	211	390
5	211	391
3	211	392
1	211	405
4	211	415
2	211	419
3	211	427
1	211	429
5	211	434
3	211	468
1	211	477
1	211	500
1	211	541
4	212	290
2	212	294
4	212	306
4	212	308
4	212	314
3	212	323
3	212	324
3	212	361
3	212	373
3	212	378
2	212	384
2	212	385
2	212	389
3	212	392
2	212	393
4	212	397
3	212	408
3	212	413
4	212	423
5	212	426
4	212	428
4	212	431
2	212	439
4	212	452
3	213	291
3	213	292
3	213	298
5	213	301
5	213	305
2	213	317
3	213	327
4	213	361
3	213	364
1	213	367
5	213	369
4	213	382
2	213	389
4	213	393
3	213	413
3	213	430
3	213	438
3	213	447
4	213	468
2	213	527
2	213	534
3	213	538
5	213	544
4	213	561
3	214	295
5	214	297
5	214	302
2	214	307
1	214	319
2	214	332
1	214	335
2	214	346
1	214	355
5	214	362
1	214	367
3	214	368
3	214	374
3	214	387
2	214	389
5	214	390
4	214	393
5	214	398
4	214	399
2	214	405
3	214	412
5	214	422
4	214	423
5	214	437
1	215	321
5	215	325
5	215	357
2	215	364
4	215	366
4	215	369
1	215	370
4	215	374
2	215	385
1	215	386
3	215	390
2	215	396
4	215	400
2	215	402
1	215	412
1	215	414
2	215	419
1	215	421
3	215	423
1	215	427
4	215	431
3	215	432
1	215	436
1	215	438
3	216	291
5	216	293
3	216	294
3	216	295
3	216	296
3	216	297
2	216	298
1	216	317
2	216	332
4	216	334
1	216	366
3	216	369
1	216	386
3	216	391
3	216	403
3	216	410
5	216	411
3	216	415
4	216	418
4	216	420
2	216	426
2	216	427
1	216	430
1	216	434
1	217	293
1	217	296
2	217	314
1	217	315
4	217	324
1	217	329
1	217	331
1	217	332
1	217	338
5	217	341
1	217	349
2	217	372
1	217	382
1	217	389
1	217	392
1	217	396
1	217	398
1	217	402
5	217	404
3	217	415
2	217	419
1	217	426
5	217	428
1	217	461
3	218	304
4	218	362
3	218	367
4	218	368
1	218	369
2	218	371
2	218	372
3	218	374
3	218	376
4	218	379
3	218	384
4	218	385
3	218	386
5	218	388
3	218	396
3	218	399
5	218	404
5	218	406
3	218	407
5	218	428
4	218	432
4	218	438
5	218	537
4	218	582
4	219	294
3	219	299
4	219	300
1	219	304
1	219	315
2	219	325
2	219	361
5	219	365
4	219	369
1	219	372
1	219	373
2	219	376
1	219	383
2	219	386
1	219	387
1	219	390
2	219	394
2	219	395
3	219	397
2	219	403
5	219	408
1	219	422
3	219	424
5	219	432
3	220	306
1	220	310
1	220	311
3	220	339
1	220	356
3	220	358
1	220	361
5	220	377
1	220	379
2	220	382
1	220	387
1	220	390
1	220	395
1	220	398
1	220	412
3	220	426
1	220	432
2	220	437
2	220	439
1	220	474
1	220	509
1	220	514
1	220	536
1	220	557
2	221	294
3	221	295
3	221	328
1	221	342
2	221	349
2	221	358
3	221	361
3	221	370
3	221	373
3	221	378
3	221	381
4	221	383
3	221	395
2	221	400
3	221	402
5	221	410
3	221	411
2	221	412
2	221	426
1	221	455
1	221	489
1	221	526
1	221	546
1	221	574
5	222	290
5	222	364
5	222	367
4	222	369
4	222	373
4	222	374
4	222	376
4	222	378
4	222	384
4	222	387
4	222	388
3	222	390
4	222	391
4	222	392
4	222	393
4	222	395
5	222	398
4	222	401
5	222	415
4	222	420
5	222	426
4	222	431
4	222	437
5	222	543
2	223	317
1	223	329
2	223	331
3	223	361
4	223	364
2	223	365
1	223	367
5	223	370
1	223	376
4	223	380
4	223	396
4	223	397
1	223	399
2	223	400
4	223	401
4	223	405
2	223	415
3	223	416
3	223	429
3	223	433
3	223	510
3	223	518
2	223	523
3	223	562
5	224	290
4	224	311
2	224	317
4	224	350
3	224	351
3	224	356
3	224	360
4	224	361
3	224	378
3	224	384
4	224	387
5	224	388
3	224	390
2	224	391
4	224	392
4	224	412
1	224	414
2	224	415
4	224	422
4	224	426
4	224	427
3	224	429
3	224	432
4	224	434
5	225	290
1	225	331
5	225	344
1	225	355
1	225	376
5	225	377
3	225	380
1	225	381
2	225	386
1	225	387
3	225	397
1	225	427
5	225	431
5	225	432
1	225	437
1	225	452
1	225	467
4	225	474
1	225	503
1	225	526
1	225	528
1	225	535
1	225	537
1	225	552
2	226	343
2	226	350
4	226	361
2	226	372
3	226	383
2	226	393
3	226	394
3	226	395
4	226	397
2	226	399
5	226	422
2	226	435
4	226	444
2	226	462
4	226	471
4	226	478
3	226	498
2	226	504
3	226	536
2	226	547
2	226	551
3	226	557
2	226	578
2	226	588
4	227	290
2	227	369
1	227	371
2	227	372
4	227	374
5	227	375
4	227	376
5	227	377
4	227	378
4	227	386
1	227	387
3	227	394
3	227	396
5	227	397
3	227	401
5	227	404
4	227	415
3	227	416
4	227	419
5	227	432
4	227	433
4	227	435
1	227	466
4	227	475
5	228	290
2	228	298
1	228	317
3	228	361
1	228	367
3	228	368
4	228	370
1	228	376
2	228	378
2	228	387
1	228	390
4	228	393
3	228	397
1	228	400
3	228	407
2	228	415
3	228	419
1	228	421
3	228	423
4	228	428
1	228	429
2	228	434
3	228	438
1	228	543
4	229	290
3	229	297
4	229	339
1	229	351
3	229	361
4	229	377
1	229	378
1	229	386
2	229	387
1	229	388
3	229	389
2	229	390
3	229	391
1	229	396
3	229	404
4	229	410
3	229	411
3	229	426
4	229	432
3	229	433
1	229	439
1	229	446
1	229	493
1	229	496
4	230	290
4	230	299
3	230	339
2	230	361
2	230	368
3	230	369
4	230	370
1	230	374
2	230	378
1	230	386
2	230	388
3	230	389
1	230	390
4	230	391
2	230	394
2	230	397
2	230	401
1	230	403
4	230	410
4	230	426
4	230	428
1	230	496
1	230	558
1	230	576
5	231	312
2	231	318
3	231	326
2	231	382
1	231	383
1	231	384
1	231	385
1	231	387
1	231	388
4	231	391
3	231	403
3	231	405
1	231	409
1	231	419
2	231	420
3	231	421
4	231	428
2	231	429
2	231	430
4	231	431
5	231	439
1	231	471
1	231	563
3	231	565
2	232	294
3	232	298
2	232	308
2	232	317
2	232	320
2	232	339
2	232	364
2	232	366
2	232	371
4	232	373
2	232	377
5	232	378
1	232	379
2	232	380
2	232	385
1	232	386
2	232	388
3	232	390
2	232	392
3	232	398
3	232	399
2	232	405
2	232	417
2	232	431
3	233	294
2	233	314
1	233	315
2	233	332
1	233	336
2	233	343
1	233	349
3	233	358
1	233	360
5	233	369
1	233	375
3	233	380
2	233	396
3	233	408
3	233	423
1	233	429
1	233	471
2	233	476
1	233	496
4	233	504
1	233	516
1	233	576
2	233	579
1	233	584
2	234	311
2	234	367
3	234	375
2	234	376
3	234	382
4	234	389
3	234	392
2	234	395
3	234	397
2	234	398
2	234	400
4	234	403
2	234	408
3	234	409
3	234	410
1	234	415
3	234	416
3	234	419
4	234	424
2	234	429
2	234	435
2	234	436
2	234	549
3	234	555
1	235	295
3	235	341
2	235	361
3	235	370
2	235	375
4	235	377
2	235	378
2	235	381
2	235	386
1	235	387
4	235	392
1	235	396
3	235	397
3	235	402
4	235	404
2	235	407
4	235	411
5	235	423
2	235	431
3	235	434
3	235	437
4	235	438
1	235	569
1	235	578
5	236	290
3	236	359
4	236	368
5	236	370
5	236	373
4	236	384
5	236	385
5	236	386
5	236	387
5	236	388
5	236	389
5	236	390
5	236	401
5	236	403
4	236	472
5	236	479
5	236	505
3	236	536
3	236	537
4	236	538
4	236	539
3	236	540
4	236	541
4	236	543
4	237	290
4	237	298
4	237	311
1	237	315
3	237	316
3	237	321
5	237	356
5	237	374
2	237	386
3	237	388
4	237	389
2	237	390
2	237	391
1	237	392
5	237	394
3	237	395
4	237	406
4	237	412
1	237	422
3	237	433
3	237	435
4	237	437
5	237	482
3	237	566
3	238	305
2	238	307
2	238	320
3	238	328
2	238	346
2	238	348
4	238	349
4	238	361
4	238	392
4	238	402
2	238	414
2	238	446
2	238	448
3	238	449
3	238	450
1	238	455
2	238	471
3	238	478
3	238	508
3	238	525
2	238	544
2	238	548
3	238	554
2	238	556
3	239	313
2	239	319
3	239	326
2	239	369
3	239	375
3	239	379
5	239	380
3	239	400
3	239	403
3	239	406
2	239	407
4	239	408
4	239	410
3	239	411
3	239	412
3	239	414
4	239	421
3	239	423
3	239	424
3	239	426
3	239	432
3	239	435
4	239	439
1	239	562
4	240	290
4	240	291
3	240	316
1	240	320
4	240	328
3	240	337
4	240	340
3	240	345
5	240	349
3	240	360
4	240	366
4	240	374
4	240	375
3	240	378
3	240	386
4	240	387
4	240	389
3	240	391
4	240	392
4	240	400
4	240	409
4	240	416
4	240	429
1	240	462
4	241	290
2	241	301
3	241	303
3	241	311
1	241	315
2	241	321
3	241	333
1	241	342
2	241	345
2	241	351
1	241	358
4	241	363
1	241	367
4	241	386
4	241	387
3	241	389
3	241	391
3	241	393
3	241	395
2	241	412
3	241	413
1	241	414
3	241	427
1	241	498
3	242	290
1	242	296
1	242	302
2	242	307
2	242	310
1	242	314
1	242	319
2	242	324
1	242	339
2	242	344
4	242	366
3	242	370
3	242	379
2	242	382
2	242	388
4	242	392
3	242	395
4	242	402
3	242	406
3	242	417
3	242	423
4	242	425
3	242	428
2	242	438
4	243	290
3	243	297
2	243	327
3	243	368
5	243	380
2	243	386
2	243	387
2	243	388
4	243	392
5	243	410
4	243	411
2	243	416
1	243	421
3	243	423
3	243	424
5	243	426
2	243	428
1	243	433
2	243	436
1	243	446
1	243	458
1	243	461
1	243	513
1	243	538
3	244	290
2	244	339
2	244	353
2	244	380
1	244	381
2	244	382
2	244	386
2	244	389
1	244	391
3	244	392
3	244	410
3	244	416
1	244	420
3	244	423
1	244	424
1	244	427
2	244	431
2	244	432
5	244	439
1	244	452
2	244	474
1	244	505
1	244	539
1	244	556
4	245	290
3	245	371
4	245	373
4	245	375
5	245	377
4	245	378
4	245	384
4	245	385
4	245	386
4	245	387
4	245	388
4	245	389
4	245	391
4	245	393
4	245	394
4	245	395
4	245	398
4	245	399
3	245	400
3	245	401
4	245	405
4	245	436
1	245	475
4	245	578
3	246	294
5	246	299
4	246	314
3	246	316
2	246	320
2	246	337
3	246	339
1	246	340
1	246	342
3	246	349
1	246	358
3	246	360
1	246	366
3	246	368
3	246	382
3	246	392
2	246	400
3	246	407
2	246	409
4	246	410
4	246	423
3	246	424
2	246	429
1	246	438
5	247	290
3	247	291
4	247	311
3	247	319
4	247	339
3	247	356
4	247	364
4	247	366
3	247	367
2	247	378
4	247	382
4	247	387
3	247	388
3	247	389
4	247	390
4	247	398
3	247	400
3	247	411
3	247	412
3	247	414
4	247	426
4	247	427
3	247	553
3	247	573
3	248	292
2	248	294
3	248	298
1	248	303
2	248	310
1	248	315
1	248	318
1	248	351
5	248	352
1	248	359
1	248	367
3	248	369
1	248	371
1	248	384
1	248	392
1	248	393
2	248	399
3	248	415
2	248	419
1	248	420
1	248	422
2	248	436
1	248	439
1	248	455
2	249	290
2	249	291
4	249	301
3	249	303
1	249	317
2	249	324
4	249	325
5	249	333
4	249	345
4	249	348
3	249	363
2	249	364
1	249	367
2	249	388
3	249	389
2	249	390
4	249	393
2	249	400
3	249	418
2	249	419
3	249	429
3	249	434
4	249	504
2	249	522
4	250	369
3	250	370
4	250	377
1	250	385
1	250	386
2	250	391
2	250	392
2	250	397
1	250	401
3	250	408
1	250	409
3	250	411
2	250	412
1	250	414
1	250	415
1	250	421
1	250	422
4	250	426
1	250	429
1	250	432
1	250	434
3	250	438
2	250	439
1	250	470
2	251	301
5	251	302
2	251	303
2	251	321
5	251	330
4	251	333
3	251	339
3	251	342
5	251	344
3	251	348
2	251	349
2	251	351
1	251	367
4	251	368
3	251	382
2	251	400
4	251	411
4	251	413
3	251	425
5	251	428
4	251	436
3	251	438
1	251	499
2	251	535
2	252	290
2	252	368
5	252	369
1	252	371
2	252	377
1	252	378
1	252	381
1	252	384
1	252	385
1	252	387
1	252	390
2	252	398
1	252	400
2	252	403
2	252	404
3	252	410
1	252	413
2	252	416
2	252	425
3	252	426
1	252	428
2	252	437
1	252	448
1	252	505
5	253	304
3	253	311
1	253	315
3	253	336
2	253	340
1	253	343
4	253	362
3	253	374
5	253	386
1	253	388
1	253	390
1	253	391
1	253	392
2	253	395
1	253	406
2	253	422
1	253	427
3	253	437
1	253	442
1	253	474
1	253	481
1	253	521
1	253	528
3	253	580
3	254	296
2	254	302
3	254	314
2	254	324
2	254	328
3	254	341
4	254	344
5	254	370
1	254	376
1	254	386
2	254	387
4	254	388
2	254	389
1	254	390
3	254	391
2	254	392
2	254	393
1	254	421
2	254	423
4	254	428
2	254	438
1	254	534
3	254	542
1	254	562
3	255	306
3	255	312
3	255	314
2	255	316
1	255	317
1	255	320
3	255	323
5	255	324
3	255	326
4	255	341
3	255	369
3	255	388
2	255	398
4	255	402
4	255	404
4	255	410
2	255	411
3	255	413
4	255	415
1	255	425
2	255	429
2	255	430
2	255	432
3	255	434
4	256	290
4	256	307
2	256	317
3	256	326
3	256	332
4	256	339
2	256	346
3	256	348
3	256	357
5	256	361
3	256	376
3	256	386
3	256	387
4	256	388
3	256	391
4	256	392
4	256	410
3	256	415
3	256	419
3	256	426
4	256	429
3	256	434
1	256	464
1	256	534
4	257	290
2	257	297
2	257	298
3	257	302
3	257	309
1	257	315
1	257	317
1	257	332
1	257	333
2	257	334
3	257	335
2	257	349
5	257	358
5	257	370
3	257	372
2	257	376
5	257	377
1	257	383
2	257	393
2	257	398
4	257	407
2	257	408
4	257	428
4	257	433
4	258	292
3	258	296
3	258	298
2	258	303
2	258	314
2	258	319
2	258	337
5	258	352
3	258	354
2	258	368
3	258	412
2	258	414
1	258	441
1	258	465
1	258	478
1	258	479
1	258	482
1	258	491
1	258	505
1	258	520
1	258	525
1	258	537
1	258	556
1	258	559
1	259	294
1	259	299
2	259	300
1	259	325
1	259	329
3	259	339
1	259	347
1	259	351
2	259	380
2	259	382
2	259	386
1	259	387
1	259	388
2	259	390
2	259	410
1	259	420
3	259	423
3	259	427
2	259	431
4	259	432
1	259	524
1	259	532
1	259	535
1	259	588
5	260	290
2	260	293
2	260	294
1	260	298
1	260	299
1	260	300
1	260	317
1	260	322
1	260	328
1	260	336
1	260	347
4	260	352
1	260	361
2	260	364
1	260	365
1	260	382
1	260	407
1	260	408
1	260	409
4	260	410
3	260	411
1	260	416
1	260	424
2	260	438
3	261	290
2	261	294
1	261	299
3	261	322
3	261	330
4	261	338
4	261	339
3	261	347
3	261	361
1	261	365
5	261	380
4	261	382
2	261	386
4	261	389
2	261	391
2	261	409
5	261	410
2	261	420
4	261	424
3	261	427
3	261	432
2	261	433
1	261	439
4	261	580
2	262	367
4	262	368
3	262	369
4	262	377
4	262	380
3	262	381
3	262	387
4	262	388
3	262	389
4	262	392
3	262	394
2	262	395
2	262	405
5	262	407
4	262	408
3	262	409
4	262	421
3	262	423
3	262	424
3	262	427
4	262	428
4	262	432
3	262	434
3	262	437
3	263	333
2	263	337
2	263	345
3	263	357
5	263	358
2	263	371
3	263	382
2	263	394
2	263	425
5	263	426
1	263	430
5	263	431
3	263	436
2	263	446
3	263	461
4	263	485
4	263	486
4	263	519
3	263	522
5	263	540
3	263	567
4	263	569
3	263	575
2	263	581
5	264	290
2	264	311
3	264	328
4	264	330
3	264	346
1	264	351
5	264	361
4	264	362
3	264	371
3	264	376
5	264	387
4	264	388
2	264	390
5	264	393
4	264	405
3	264	406
3	264	409
5	264	410
4	264	413
4	264	415
4	264	426
2	264	429
2	264	430
4	264	434
3	265	290
1	265	294
2	265	309
4	265	326
3	265	338
5	265	339
3	265	353
2	265	365
3	265	368
2	265	370
3	265	380
2	265	381
2	265	382
2	265	386
4	265	389
3	265	390
3	265	391
4	265	393
3	265	397
4	265	399
2	265	410
3	265	423
2	265	433
3	265	529
4	266	290
1	266	313
1	266	317
3	266	339
2	266	348
5	266	368
3	266	376
4	266	378
4	266	386
3	266	388
3	266	389
2	266	390
4	266	391
4	266	402
2	266	405
5	266	407
4	266	410
4	266	411
3	266	415
2	266	428
4	266	434
3	266	438
3	266	448
4	266	584
3	267	290
3	267	291
3	267	315
4	267	364
2	267	386
4	267	387
2	267	389
4	267	390
3	267	391
4	267	392
4	267	393
2	267	400
3	267	405
4	267	412
3	267	413
3	267	415
3	267	419
1	267	429
5	267	434
3	267	453
3	267	484
3	267	531
5	267	556
3	267	561
3	268	292
5	268	293
3	268	302
1	268	305
2	268	319
3	268	335
5	268	336
4	268	339
3	268	340
5	268	361
2	268	368
3	268	375
2	268	393
5	268	394
2	268	395
1	268	405
4	268	408
5	268	410
3	268	413
5	268	428
2	268	429
5	268	432
5	268	435
4	268	550
5	269	290
2	269	303
1	269	315
2	269	345
1	269	348
2	269	353
1	269	360
2	269	361
1	269	363
3	269	364
1	269	375
1	269	377
1	269	385
4	269	392
5	269	393
4	269	397
2	269	413
1	269	420
2	269	422
3	269	426
2	269	428
3	269	432
3	269	434
1	269	479
4	270	290
1	270	367
5	270	368
1	270	372
1	270	373
2	270	376
1	270	377
1	270	379
2	270	385
3	270	386
3	270	389
1	270	391
4	270	393
1	270	394
1	270	396
1	270	400
2	270	419
5	270	426
3	270	427
2	270	431
1	270	439
1	270	544
1	270	582
3	270	587
3	271	290
4	271	309
3	271	313
2	271	317
2	271	334
1	271	346
4	271	348
3	271	354
4	271	357
3	271	361
3	271	370
3	271	375
3	271	376
3	271	383
2	271	387
2	271	390
4	271	391
3	271	392
4	271	415
4	271	419
2	271	421
3	271	434
4	271	435
1	271	527
2	272	304
2	272	355
2	272	372
4	272	380
3	272	394
4	272	395
3	272	403
3	272	407
3	272	412
2	272	420
4	272	423
2	272	425
4	272	436
4	272	496
4	272	502
4	272	504
4	272	509
3	272	519
4	272	533
3	272	537
3	272	547
2	272	548
4	272	554
1	272	586
2	273	294
1	273	299
4	273	309
1	273	322
1	273	325
5	273	326
1	273	336
4	273	339
1	273	348
1	273	351
1	273	358
1	273	365
4	273	389
4	273	392
4	273	409
3	273	410
4	273	415
1	273	423
5	273	424
1	273	427
3	273	433
1	273	577
5	273	580
1	273	581
4	274	290
4	274	296
4	274	324
3	274	326
2	274	332
3	274	341
2	274	354
2	274	359
3	274	361
5	274	370
1	274	371
4	274	373
3	274	387
4	274	388
4	274	389
3	274	390
2	274	392
3	274	409
3	274	411
1	274	421
4	274	423
3	274	428
2	274	430
4	274	463
5	275	290
1	275	291
3	275	295
3	275	306
4	275	314
3	275	316
1	275	319
1	275	320
2	275	321
3	275	366
3	275	378
4	275	382
3	275	393
5	275	404
2	275	405
3	275	408
3	275	412
4	275	419
4	275	424
4	275	426
4	275	428
3	275	434
4	275	436
1	275	569
5	276	290
2	276	291
1	276	367
3	276	368
4	276	370
4	276	377
4	276	380
2	276	381
2	276	384
4	276	390
3	276	393
2	276	394
3	276	398
2	276	399
1	276	400
3	276	401
1	276	403
2	276	408
2	276	413
3	276	417
4	276	424
1	276	439
1	276	446
1	276	461
5	277	292
5	277	296
5	277	297
3	277	312
5	277	314
5	277	342
5	277	352
5	277	370
3	277	372
5	277	383
5	277	456
3	277	462
4	277	476
4	277	478
4	277	486
4	277	495
4	277	498
3	277	525
4	277	538
5	277	545
5	277	555
5	277	556
5	277	583
5	277	586
3	278	294
3	278	299
2	278	309
1	278	322
2	278	325
3	278	330
4	278	339
2	278	353
2	278	372
2	278	382
1	278	384
2	278	385
2	278	390
1	278	400
1	278	401
1	278	402
1	278	403
2	278	405
3	278	419
3	278	423
3	278	426
1	278	430
2	278	432
3	278	437
2	279	299
4	279	300
3	279	309
1	279	322
3	279	326
1	279	329
2	279	330
1	279	348
1	279	351
3	279	353
2	279	358
3	279	380
1	279	387
2	279	388
3	279	389
1	279	390
3	279	408
3	279	410
1	279	416
3	279	423
2	279	424
2	279	433
1	279	439
1	279	524
2	280	294
1	280	300
1	280	304
1	280	326
1	280	334
1	280	336
1	280	338
1	280	353
1	280	365
4	280	369
1	280	387
1	280	388
1	280	389
2	280	391
1	280	392
1	280	395
1	280	397
2	280	399
1	280	422
1	280	427
1	280	433
1	280	435
1	280	481
1	280	570
2	281	290
1	281	312
5	281	322
1	281	367
1	281	369
3	281	370
2	281	372
5	281	374
5	281	383
2	281	385
4	281	386
1	281	387
2	281	401
1	281	408
1	281	412
1	281	414
1	281	416
1	281	420
1	281	421
1	281	428
5	281	434
2	281	436
5	281	437
3	281	438
3	282	294
3	282	299
3	282	300
3	282	326
3	282	329
3	282	347
3	282	353
5	282	365
4	282	380
2	282	381
3	282	387
3	282	388
3	282	389
3	282	390
2	282	391
2	282	402
5	282	408
2	282	410
2	282	420
3	282	427
4	282	431
2	282	432
3	282	453
3	282	503
2	283	291
5	283	300
2	283	304
5	283	314
1	283	320
2	283	322
2	283	325
3	283	328
2	283	329
2	283	336
3	283	338
3	283	347
2	283	348
3	283	378
4	283	380
4	283	386
4	283	389
4	283	416
4	283	423
4	283	424
3	283	429
4	283	437
3	283	439
1	283	466
2	284	300
3	284	310
5	284	327
5	284	338
3	284	348
3	284	358
2	284	359
1	284	362
4	284	406
2	284	408
4	284	413
3	284	420
1	284	430
4	284	434
4	284	440
2	284	452
2	284	470
2	284	475
4	284	481
2	284	516
3	284	526
1	284	537
2	284	568
1	284	572
2	285	295
4	285	297
1	285	315
1	285	361
3	285	367
3	285	371
3	285	372
4	285	378
5	285	385
4	285	386
4	285	392
4	285	393
2	285	400
5	285	411
4	285	412
1	285	414
4	285	416
2	285	422
2	285	424
5	285	426
5	285	427
2	285	433
3	285	436
2	285	525
5	286	290
3	286	294
5	286	305
4	286	371
3	286	384
5	286	386
5	286	387
5	286	388
5	286	389
5	286	391
5	286	392
4	286	398
3	286	433
4	286	434
5	286	435
5	286	437
5	286	438
4	286	457
5	286	473
4	286	489
5	286	490
5	286	515
4	286	534
1	286	548
4	287	290
1	287	317
3	287	339
1	287	348
1	287	357
3	287	361
3	287	368
2	287	376
1	287	381
3	287	382
1	287	387
1	287	390
3	287	391
2	287	392
1	287	393
3	287	397
1	287	402
4	287	404
4	287	410
5	287	428
1	287	429
1	287	434
1	287	435
1	287	543
4	288	290
3	288	300
1	288	322
1	288	325
4	288	326
2	288	330
1	288	351
3	288	364
3	288	365
1	288	381
2	288	387
3	288	389
1	288	390
3	288	392
4	288	408
4	288	410
4	288	416
3	288	423
2	288	424
4	288	427
3	288	431
3	288	432
1	288	522
1	288	569
2	289	311
1	289	315
2	289	317
3	289	326
3	289	328
1	289	334
3	289	338
3	289	340
1	289	348
2	289	354
2	289	357
3	289	368
4	289	370
3	289	386
5	289	388
1	289	405
3	289	409
1	289	414
2	289	415
3	289	427
1	289	429
2	289	434
1	289	572
1	289	584
